1.46440 1.55561 1.28840 1.31829 1.36186 1.62060 1.36123 1.45751 1.46692 1.41762 1.32239 1.60819 1.35433 1.40086 0.00000 1.55943
0.00000 1.44582 0.00000 0.00000 0.00000 0.00000 0.00000 0.00000 0.00000 1.32590 0.00000 0.00000 0.00000 0.00000 0.00000 1.43189
0.00000 1.56742 1.29464 1.29174 1.38757 1.63328 1.35355 1.44586 1.48291 1.42227 1.32107 1.57803 1.35191 1.40519 0.00000 1.58178
0.00000 1.53441 0.00000 1.25082 0.00000 1.31886 0.00000 0.00000 1.41474 1.34710 0.00000 0.00000 0.00000 1.38410 0.00000 1.45980
0.00000 1.47487 0.00000 1.28307 1.26986 1.52639 0.00000 0.00000 1.46505 1.51152 0.00000 1.41804 0.00000 1.39557 0.00000 1.68073
0.00000 1.52513 0.00000 0.00000 0.00000 1.33613 0.00000 0.00000 1.41781 1.36703 0.00000 0.00000 0.00000 1.38681 0.00000 1.45647
0.00000 1.61326 0.00000 1.33148 1.31419 1.58444 1.33176 1.27292 1.45750 1.44970 1.27834 1.39028 1.31344 1.44958 0.00000 1.51980
0.00000 1.48528 0.00000 1.26148 1.26909 1.55668 0.00000 1.26967 1.46440 1.53993 0.00000 1.44176 0.00000 1.41628 0.00000 1.66574
0.00000 1.44522 0.00000 0.00000 0.00000 0.00000 0.00000 0.00000 1.40938 1.36412 0.00000 0.00000 0.00000 0.00000 0.00000 1.44280
0.00000 0.00000 0.00000 0.00000 0.00000 0.00000 0.00000 0.00000 0.00000 1.32489 0.00000 0.00000 0.00000 0.00000 0.00000 0.00000
0.00000 1.55712 0.00000 1.28097 1.33492 1.50753 0.00000 1.29881 1.49085 1.43451 1.26631 1.39414 1.30321 1.45500 0.00000 1.47524
0.00000 1.55176 0.00000 1.25868 0.00000 1.38429 0.00000 0.00000 1.58808 1.40036 0.00000 1.26353 0.00000 1.40026 0.00000 1.50573
0.00000 1.49288 0.00000 1.25412 1.27478 1.49876 0.00000 1.27380 1.54262 1.47735 0.00000 1.38350 1.30452 1.40124 0.00000 1.55092
0.00000 1.51025 0.00000 0.00000 0.00000 0.00000 0.00000 0.00000 1.41475 1.39684 0.00000 0.00000 0.00000 1.39961 0.00000 1.44417
1.48303 1.52259 1.30923 1.36578 1.58010 1.62351 1.42333 1.54369 1.45207 1.46382 1.66087 1.52407 1.30960 1.41046 1.41460 1.52807
0.00000 0.00000 0.00000 0.00000 0.00000 0.00000 0.00000 0.00000 0.00000 1.32439 0.00000 0.00000 0.00000 0.00000 0.00000 1.43456
