1.45573 2.76504 1.82925 2.02329 1.26060 1.29916 2.99639 1.37100 1.65194 1.61995 0.00000 1.73424 2.82630 2.75024 2.79301 1.96614
0.00000 1.39934 0.00000 0.00000 0.00000 0.00000 1.45750 0.00000 0.00000 0.00000 0.00000 0.00000 0.00000 1.22698 2.14527 0.00000
0.00000 1.50680 1.25473 2.83124 0.00000 1.25362 1.56951 0.00000 0.00000 0.00000 0.00000 1.31694 1.17019 2.66061 3.34861 0.00000
0.00000 1.42926 0.00000 1.24355 0.00000 0.00000 1.48470 0.00000 0.00000 0.00000 0.00000 0.00000 0.00000 1.49603 2.42303 0.00000
0.00000 1.78606 1.24515 4.73887 1.19134 1.36412 1.42746 0.00000 0.00000 1.43218 0.00000 1.41499 1.76920 3.07050 3.17793 0.00000
0.00000 1.41263 0.00000 1.58790 0.00000 1.18519 1.73948 0.00000 0.00000 0.00000 0.00000 0.00000 1.16165 2.31201 2.81536 0.00000
0.00000 0.00000 0.00000 0.00000 0.00000 0.00000 1.20421 0.00000 0.00000 0.00000 0.00000 0.00000 0.00000 0.00000 0.00000 0.00000
0.00000 2.71595 1.81234 2.01632 1.26914 1.32715 3.06024 1.36952 1.65422 1.61509 0.00000 1.74680 2.90851 2.76630 2.80349 1.98665
0.00000 1.99690 1.53695 3.12436 1.24588 1.21443 1.98841 0.00000 1.46831 1.58041 0.00000 1.37374 2.88985 3.47941 2.59641 1.64682
0.00000 1.56384 1.24320 2.96103 0.00000 1.21223 1.47109 0.00000 0.00000 1.40362 0.00000 1.30277 1.41582 2.94167 3.76717 0.00000
1.46208 2.92396 1.88056 2.11060 1.30851 1.31245 3.05380 1.37188 1.70237 1.56610 1.58294 1.73850 2.70092 2.83796 2.77014 1.91606
0.00000 1.46153 0.00000 1.92990 0.00000 1.22622 1.60834 0.00000 0.00000 0.00000 0.00000 1.27534 1.17024 2.38729 2.99478 0.00000
0.00000 1.41967 0.00000 1.33351 0.00000 0.00000 1.76240 0.00000 0.00000 0.00000 0.00000 0.00000 1.16613 1.84300 2.44077 0.00000
0.00000 0.00000 0.00000 0.00000 0.00000 0.00000 1.31083 0.00000 0.00000 0.00000 0.00000 0.00000 0.00000 1.16154 1.67482 0.00000
0.00000 0.00000 0.00000 0.00000 0.00000 0.00000 1.35132 0.00000 0.00000 0.00000 0.00000 0.00000 0.00000 0.00000 1.37401 0.00000
0.00000 1.74944 1.24652 4.69544 1.19095 1.34109 1.84700 0.00000 0.00000 1.42229 0.00000 1.38696 1.86959 3.66938 2.66087 1.32553
