1.39714 0.00000 0.00000 0.00000 0.00000 0.00000 0.00000 0.00000 0.00000 0.00000 0.00000 0.00000 0.00000 0.00000 0.00000 0.00000
1.40733 1.57074 0.00000 0.00000 0.00000 0.00000 0.00000 0.00000 0.00000 0.00000 0.00000 0.00000 0.00000 0.00000 0.00000 0.00000
1.40087 1.55867 1.39537 0.00000 0.00000 0.00000 0.00000 0.00000 0.00000 0.00000 0.00000 0.00000 0.00000 0.00000 0.00000 0.00000
1.41480 1.52938 1.39257 1.35072 0.00000 0.00000 0.00000 0.00000 0.00000 0.00000 0.00000 0.00000 0.00000 0.00000 0.00000 0.00000
1.45928 2.14477 1.39397 1.48331 1.32547 0.00000 0.00000 0.00000 0.00000 0.00000 0.00000 0.00000 0.00000 0.00000 0.00000 0.00000
1.53635 2.22790 1.37613 1.58895 1.28200 1.34444 0.00000 0.00000 0.00000 0.00000 0.00000 0.00000 0.00000 0.00000 0.00000 0.00000
1.74641 2.15642 1.38302 1.90218 1.37160 1.36046 1.32719 0.00000 0.00000 0.00000 0.00000 0.00000 0.00000 0.00000 0.00000 0.00000
1.97874 2.03534 1.56441 1.98361 1.39425 1.75473 1.31387 1.38832 0.00000 0.00000 0.00000 0.00000 0.00000 0.00000 0.00000 0.00000
1.96728 2.13080 1.56873 2.03646 1.38707 1.81304 1.31633 1.38367 1.42230 0.00000 0.00000 0.00000 0.00000 0.00000 0.00000 0.00000
2.01882 2.46617 1.76000 2.51295 1.78299 1.96328 1.31946 1.43823 1.48906 1.33211 0.00000 0.00000 0.00000 0.00000 0.00000 0.00000
1.96667 2.70150 1.78582 2.35562 1.57670 1.99246 1.31880 1.48788 1.51018 1.38996 1.41926 0.00000 0.00000 0.00000 0.00000 0.00000
1.97730 2.70978 2.00470 2.04521 1.45633 1.90057 1.39499 1.47823 1.44672 1.59959 1.47200 1.46548 0.00000 0.00000 0.00000 0.00000
2.01862 2.86827 2.22655 2.19103 1.53307 1.97263 1.38289 1.46594 1.50797 1.63680 1.49537 1.56756 1.34147 0.00000 0.00000 0.00000
2.07992 2.99065 2.40451 2.11990 1.54186 2.05352 1.42515 1.49724 1.51860 1.66072 1.64780 1.49547 1.35215 1.39391 0.00000 0.00000
2.12545 3.27432 2.46829 2.15961 1.60143 2.13991 1.43233 1.65801 1.51601 1.74341 1.63328 1.52913 1.38394 1.39847 1.39989 0.00000
2.22889 3.27064 2.59756 2.33857 1.79861 2.19328 1.42978 1.79496 1.46586 1.70691 1.75979 1.54665 1.39711 1.40151 1.40363 1.35686
