1.45914 0.00000 0.00000 0.00000 0.00000 0.00000 0.00000 0.00000 1.84957 1.54978 2.51615 2.20735 0.00000 0.00000 1.51814 1.90688
1.49730 1.41964 0.00000 0.00000 0.00000 0.00000 0.00000 0.00000 1.65843 1.61754 2.40471 2.28609 0.00000 0.00000 1.45790 1.87186
1.62786 1.66935 1.26553 3.73997 0.00000 0.00000 1.35167 2.50559 1.84127 3.53872 2.88993 2.71470 0.00000 1.25974 1.64213 1.80692
1.57918 1.43202 0.00000 1.28091 0.00000 0.00000 0.00000 1.44333 1.55547 1.65978 2.39192 2.77257 0.00000 0.00000 1.43880 1.72248
1.90026 1.82332 1.42080 1.69188 1.27242 0.00000 1.39953 1.62397 1.87572 3.19423 3.49281 3.65971 1.94799 1.37057 1.46145 1.42162
1.59239 1.98875 1.90992 2.36844 1.78948 1.41364 1.38795 2.03711 2.11803 2.31760 5.59584 3.80196 5.28265 2.04501 1.49553 1.43525
2.27984 1.50789 0.00000 3.24870 0.00000 0.00000 1.23177 1.98610 1.65629 2.33100 2.53785 2.55316 0.00000 1.23295 1.52332 2.18068
1.51700 1.44097 0.00000 0.00000 0.00000 0.00000 0.00000 1.40246 1.53896 1.50564 2.41888 2.68537 0.00000 0.00000 1.44800 1.84978
0.00000 0.00000 0.00000 0.00000 0.00000 0.00000 0.00000 0.00000 1.50509 0.00000 0.00000 1.36717 0.00000 0.00000 1.68310 1.42525
0.00000 0.00000 0.00000 0.00000 0.00000 0.00000 0.00000 0.00000 1.83285 1.54583 2.49560 2.30276 0.00000 0.00000 1.52100 1.93848
0.00000 0.00000 0.00000 0.00000 0.00000 0.00000 0.00000 0.00000 1.59236 0.00000 1.38598 1.41131 0.00000 0.00000 2.33739 2.00609
0.00000 0.00000 0.00000 0.00000 0.00000 0.00000 0.00000 0.00000 0.00000 0.00000 0.00000 1.31294 0.00000 0.00000 1.56565 1.39431
1.59401 1.64416 1.26591 3.45739 0.00000 0.00000 1.32062 2.39803 1.80188 3.43944 2.56265 2.45989 1.51061 1.33485 1.65733 1.78854
1.60281 1.64699 0.00000 1.42852 0.00000 0.00000 0.00000 1.56641 1.79092 1.73656 2.24315 2.48298 0.00000 1.24577 1.55259 2.47122
0.00000 0.00000 0.00000 0.00000 0.00000 0.00000 0.00000 0.00000 0.00000 0.00000 0.00000 0.00000 0.00000 0.00000 1.43363 1.53151
0.00000 0.00000 0.00000 0.00000 0.00000 0.00000 0.00000 0.00000 0.00000 0.00000 0.00000 0.00000 0.00000 0.00000 0.00000 1.34786
