1.61229 5.04597 8.59421 6.02000 26.93790 19.76595 3.00356 5.57436 14.71723 14.70770 6.90106 4.42903 7.62500 7.83693 5.21048 5.57952
1.65487 1.47392 6.71104 6.23372 24.12868 22.34589 3.39489 5.44752 15.58947 14.04244 6.85945 4.11027 7.34058 6.82219 5.65714 5.10661
1.70813 1.51373 1.60295 6.76596 16.50975 23.08012 3.11327 5.26234 14.11903 14.79825 9.22688 4.09205 7.96830 6.93252 6.10286 4.81792
1.68281 1.53311 1.58574 1.62337 16.30297 22.38646 2.63949 5.56136 16.28167 16.61782 8.49838 4.42996 6.78881 6.92506 6.16382 4.79032
1.63224 1.50426 1.66908 1.67810 1.42737 27.10037 2.28623 5.35151 18.06594 17.51307 9.87241 5.57917 6.00161 9.55326 5.18789 3.65593
1.63048 1.53756 1.58346 1.64860 1.47899 1.66587 2.12789 6.53156 17.83218 15.86013 10.13639 4.92475 5.95488 11.70193 5.45911 3.95600
1.63758 1.50397 1.58544 1.64188 1.49171 1.68484 1.68232 7.12416 17.66174 15.30167 10.00126 5.06106 5.82074 11.40013 5.65618 4.14641
1.66173 1.52450 1.59361 1.63304 1.53688 1.68665 1.70838 1.55999 19.34910 17.93383 10.10939 6.16371 5.32469 10.08744 6.24433 4.05596
1.63841 1.59060 1.59192 1.64150 1.56174 1.62263 1.70740 1.59724 1.84382 23.68161 7.66384 5.97208 4.93984 13.37041 7.53628 4.54246
1.71549 1.60266 1.65774 1.71585 1.51801 1.61475 1.72377 1.67875 2.01803 1.70119 8.84864 5.97849 4.96441 14.45849 7.37421 4.71655
1.67845 1.57958 1.65723 1.76496 1.54065 1.58845 1.68619 1.70309 2.03049 1.72230 1.60584 5.38272 5.42548 16.01251 5.94183 5.13247
1.68735 1.58239 1.61704 1.74374 1.53979 1.59621 1.70051 1.86976 2.01599 1.78205 1.62122 1.69105 6.10847 17.44376 5.08769 4.93078
1.64833 1.57787 1.62308 1.79791 1.52151 1.70942 1.66747 1.97594 1.90274 1.83040 1.64407 1.72097 1.63847 25.75116 3.95266 4.57578
1.69587 1.55189 1.63854 1.71850 1.74923 1.74978 1.66418 1.95244 2.19821 2.44082 2.02653 1.77076 1.66299 1.65107 4.23051 4.81463
1.68036 1.52502 1.64855 1.79835 1.72258 1.85242 1.65096 1.93604 2.29793 2.32257 1.96702 1.79199 1.70634 1.67551 1.63117 4.57974
1.68711 1.54886 1.63681 1.75360 1.68526 1.85666 1.74398 2.24798 2.55824 2.12035 1.94391 1.79262 1.67092 1.98343 1.61498 1.54881
