1.46641 0.00000 1.23118 1.28633 1.26302 1.22335 0.00000 0.00000 0.00000 0.00000 0.00000 1.30141 0.00000 0.00000 1.39602 0.00000
1.66945 1.40871 1.47686 1.49176 1.30569 1.29510 0.00000 0.00000 0.00000 1.47465 1.41747 1.54250 1.39067 1.20357 1.40439 1.72021
0.00000 0.00000 1.23235 1.28491 1.25621 1.23183 0.00000 0.00000 0.00000 0.00000 0.00000 1.29981 0.00000 0.00000 1.40310 0.00000
0.00000 0.00000 0.00000 1.25332 1.21342 1.21079 0.00000 0.00000 0.00000 0.00000 0.00000 1.30502 0.00000 0.00000 1.41256 0.00000
0.00000 0.00000 0.00000 0.00000 1.18834 1.19499 0.00000 0.00000 0.00000 0.00000 0.00000 0.00000 0.00000 0.00000 0.00000 0.00000
0.00000 0.00000 0.00000 0.00000 0.00000 1.18273 0.00000 0.00000 0.00000 0.00000 0.00000 0.00000 0.00000 0.00000 0.00000 0.00000
1.57174 1.53959 1.48258 1.42250 1.36600 1.26118 1.21819 0.00000 0.00000 1.59542 1.34946 1.53905 1.39433 1.23605 1.39945 1.63593
1.50442 1.45812 1.57087 1.29530 1.56225 1.28502 1.32182 1.36364 1.47918 1.71871 1.56192 1.31574 1.71687 1.32667 1.44553 1.48030
1.69089 1.56018 1.34283 1.38124 1.57019 1.23767 1.21820 0.00000 1.47043 1.81898 1.48067 1.34685 1.95799 1.29680 1.43077 1.38428
1.47244 0.00000 1.26585 1.32738 1.19117 1.30147 0.00000 0.00000 0.00000 1.37788 1.30899 1.35085 1.22487 0.00000 1.54882 0.00000
1.49955 0.00000 1.31606 1.31892 1.20121 1.24168 0.00000 0.00000 0.00000 0.00000 1.30179 1.32209 1.15922 0.00000 1.57731 0.00000
0.00000 0.00000 0.00000 0.00000 1.19245 1.25115 0.00000 0.00000 0.00000 0.00000 0.00000 1.28134 0.00000 0.00000 0.00000 0.00000
1.45827 0.00000 1.30024 1.29761 1.18367 1.24233 0.00000 0.00000 0.00000 0.00000 0.00000 1.41639 1.16160 0.00000 1.49385 0.00000
1.71930 0.00000 1.52523 1.61558 1.18022 1.28888 0.00000 0.00000 0.00000 1.51851 1.44239 1.52590 1.39875 1.16243 1.44346 1.67460
0.00000 0.00000 0.00000 0.00000 1.22800 1.27304 0.00000 0.00000 0.00000 0.00000 0.00000 1.30513 0.00000 0.00000 1.37744 0.00000
1.49939 0.00000 1.52443 1.30517 1.24095 1.28260 0.00000 0.00000 0.00000 1.47149 1.30902 1.35464 1.18898 0.00000 1.56547 1.32832
