1.47186 0.00000 0.00000 0.00000 1.28377 0.00000 1.47584 0.00000 1.51174 1.49425 1.34640 1.32706 1.25135 1.21139 0.00000 0.00000
1.47069 1.66303 0.00000 0.00000 1.30257 0.00000 1.57728 0.00000 1.50988 1.53434 1.42765 1.32739 1.23729 1.23485 0.00000 1.38053
1.52180 1.66494 1.28343 1.30735 1.33795 1.28575 1.58063 0.00000 1.66409 1.54625 1.52692 1.32957 1.28617 1.38299 1.51914 1.48436
1.49903 1.61048 0.00000 1.29810 1.31155 1.25156 1.41261 0.00000 1.62336 1.56226 1.44867 1.33021 1.27054 1.27602 1.61619 1.40020
0.00000 0.00000 0.00000 0.00000 1.25782 0.00000 0.00000 0.00000 1.49095 1.42984 0.00000 0.00000 1.24730 1.20631 0.00000 0.00000
1.47439 1.63049 0.00000 0.00000 1.26544 1.23483 1.49003 0.00000 1.55355 1.68763 1.37996 1.32407 1.24474 1.22737 0.00000 1.39534
0.00000 0.00000 0.00000 0.00000 1.25958 0.00000 1.64559 0.00000 1.49302 1.45311 0.00000 0.00000 1.24914 1.19950 0.00000 0.00000
1.50047 1.63362 1.28154 1.31590 1.28570 1.54741 1.69228 1.43944 1.68544 1.63373 1.53511 1.34439 1.32462 1.28852 1.55378 1.42268
0.00000 0.00000 0.00000 0.00000 0.00000 0.00000 0.00000 0.00000 1.49174 1.45166 0.00000 0.00000 1.23985 1.18711 0.00000 0.00000
0.00000 0.00000 0.00000 0.00000 0.00000 0.00000 0.00000 0.00000 0.00000 1.43063 0.00000 0.00000 1.25059 1.21133 0.00000 0.00000
0.00000 0.00000 0.00000 0.00000 1.27268 0.00000 1.51582 0.00000 1.51942 1.50077 1.34806 1.32722 1.26609 1.21239 0.00000 0.00000
0.00000 0.00000 0.00000 0.00000 1.28360 0.00000 1.50420 0.00000 1.49836 1.48703 0.00000 1.32606 1.25246 1.20642 0.00000 0.00000
0.00000 0.00000 0.00000 0.00000 0.00000 0.00000 0.00000 0.00000 0.00000 0.00000 0.00000 0.00000 1.23171 0.00000 0.00000 0.00000
0.00000 0.00000 0.00000 0.00000 0.00000 0.00000 0.00000 0.00000 0.00000 0.00000 0.00000 0.00000 1.22596 1.18548 0.00000 0.00000
1.48794 1.62801 0.00000 0.00000 1.27031 1.23783 1.49592 0.00000 1.57137 1.75066 1.39688 1.33219 1.23136 1.23920 1.53329 1.40887
1.47119 0.00000 0.00000 0.00000 1.29259 0.00000 1.52472 0.00000 1.50802 1.56490 1.42149 1.32523 1.23461 1.22350 0.00000 1.37670
