1.46338 2.00801 1.31141 0.00000 1.25089 0.00000 0.00000 0.00000 0.00000 1.42741 0.00000 0.00000 0.00000 1.17420 0.00000 1.40282
0.00000 1.40714 0.00000 0.00000 1.22162 0.00000 0.00000 0.00000 0.00000 0.00000 0.00000 0.00000 0.00000 0.00000 0.00000 1.43322
0.00000 1.47820 1.27038 0.00000 1.29966 0.00000 0.00000 0.00000 0.00000 1.45128 0.00000 0.00000 0.00000 0.00000 0.00000 1.32831
1.46370 2.98541 1.40842 1.25445 1.27498 0.00000 0.00000 0.00000 0.00000 1.55246 0.00000 0.00000 0.00000 1.17858 0.00000 1.39110
0.00000 0.00000 0.00000 0.00000 1.20884 0.00000 0.00000 0.00000 0.00000 0.00000 0.00000 0.00000 0.00000 0.00000 0.00000 1.38281
1.50854 4.12663 1.51668 1.33861 1.50835 1.18636 0.00000 0.00000 0.00000 1.51531 0.00000 0.00000 1.28890 1.19513 0.00000 1.43498
1.48960 4.60475 1.60889 1.37290 2.43467 1.20568 1.23191 1.40122 0.00000 1.48708 1.38586 1.40323 1.17856 1.20188 0.00000 1.94503
1.55291 6.54378 1.64378 1.40069 1.82344 1.24314 0.00000 1.37101 0.00000 1.64052 1.40283 1.29675 1.18292 1.23785 0.00000 1.82587
1.59009 4.05853 1.71438 1.31695 2.03873 1.20087 1.23341 1.39070 1.66140 1.62229 1.39110 1.47593 1.18467 1.21598 1.47431 1.78564
0.00000 1.45620 0.00000 0.00000 1.28106 0.00000 0.00000 0.00000 0.00000 1.40676 0.00000 0.00000 0.00000 0.00000 0.00000 1.39985
1.52044 4.48162 1.50946 1.27705 1.60542 1.23618 0.00000 0.00000 0.00000 1.56359 1.32136 0.00000 1.29363 1.25343 0.00000 1.87280
1.54244 3.89697 1.65604 1.27315 1.67442 1.24876 0.00000 0.00000 0.00000 1.53702 1.33388 1.28859 1.16857 1.22069 0.00000 1.87499
1.47947 2.87968 1.38956 1.28808 1.52740 0.00000 0.00000 0.00000 0.00000 1.69129 0.00000 0.00000 1.16977 1.24239 0.00000 1.40860
0.00000 2.03576 1.32288 0.00000 1.24173 0.00000 0.00000 0.00000 0.00000 1.42585 0.00000 0.00000 0.00000 1.17630 0.00000 1.43239
1.53383 4.64580 1.75030 1.33052 2.12564 1.21766 1.23595 1.38871 0.00000 1.59701 1.36308 1.39945 1.16348 1.19994 1.46965 2.00055
0.00000 0.00000 0.00000 0.00000 0.00000 0.00000 0.00000 0.00000 0.00000 0.00000 0.00000 0.00000 0.00000 0.00000 0.00000 1.33014
