1.51069 3.21786 1.24268 4.27619 1.31775 1.47989 2.07415 1.56278 1.79913 0.00000 1.78332 1.33362 1.19083 1.25158 1.43763 1.79468
0.00000 1.41249 0.00000 0.00000 0.00000 0.00000 0.00000 0.00000 0.00000 0.00000 0.00000 0.00000 0.00000 0.00000 1.39005 0.00000
0.00000 3.21668 1.24461 4.29177 1.31145 1.52749 2.10043 1.57933 1.82769 0.00000 1.79470 1.33295 1.18561 1.24283 1.43934 1.77974
0.00000 1.47518 0.00000 1.31118 0.00000 0.00000 0.00000 0.00000 0.00000 0.00000 1.30565 0.00000 0.00000 0.00000 1.40991 0.00000
0.00000 2.24394 0.00000 3.28617 1.19148 1.28463 1.68476 1.39448 0.00000 0.00000 1.50010 1.37902 0.00000 1.28574 1.39563 1.34443
0.00000 2.04685 0.00000 1.87370 0.00000 1.17770 1.59711 0.00000 0.00000 0.00000 1.60470 1.40024 0.00000 1.23237 1.40717 1.39631
0.00000 1.49028 0.00000 1.53444 0.00000 0.00000 1.22419 0.00000 0.00000 0.00000 1.61170 1.32256 0.00000 0.00000 1.39743 0.00000
0.00000 2.20280 0.00000 3.23241 0.00000 1.24894 1.99800 1.37689 0.00000 0.00000 1.50525 1.38942 0.00000 1.25271 1.43598 1.33290
0.00000 2.00971 0.00000 3.44956 1.19444 1.31758 1.89995 1.42933 1.48006 0.00000 1.44843 1.32322 0.00000 1.24001 1.40193 1.44833
1.52350 3.15021 1.26446 4.13184 1.29450 1.53522 1.95519 1.58765 1.96215 1.38791 1.72087 1.31887 1.17920 1.37154 1.44794 1.77955
0.00000 1.42111 0.00000 0.00000 0.00000 0.00000 0.00000 0.00000 0.00000 0.00000 1.30407 0.00000 0.00000 0.00000 1.40402 0.00000
0.00000 1.56136 0.00000 1.39206 0.00000 0.00000 0.00000 0.00000 0.00000 0.00000 1.44450 1.30010 0.00000 0.00000 1.40297 0.00000
0.00000 2.75378 0.00000 3.23487 1.22812 1.43535 1.71154 1.61128 1.74348 0.00000 1.63831 1.35593 1.16263 1.20009 1.42148 1.53235
0.00000 1.52866 0.00000 1.55340 0.00000 0.00000 1.26639 0.00000 0.00000 0.00000 1.81492 1.32594 0.00000 1.17787 1.39621 0.00000
0.00000 0.00000 0.00000 0.00000 0.00000 0.00000 0.00000 0.00000 0.00000 0.00000 0.00000 0.00000 0.00000 0.00000 1.38674 0.00000
0.00000 1.52970 0.00000 1.88484 0.00000 0.00000 1.27746 0.00000 0.00000 0.00000 1.58665 1.41907 0.00000 1.24896 1.38733 1.33654
