1.50339 2.06566 1.45557 2.53450 2.47898 0.00000 2.85042 2.51944 0.00000 1.56936 3.07552 2.27926 1.55819 1.46289 1.37957 2.32748
0.00000 1.41576 0.00000 1.29776 1.65733 0.00000 3.04577 1.47627 0.00000 0.00000 1.46876 0.00000 1.27487 0.00000 0.00000 1.35859
0.00000 1.57158 1.27328 2.23065 1.81209 0.00000 1.46646 2.18826 0.00000 0.00000 1.76685 1.40590 1.49882 0.00000 0.00000 1.77533
0.00000 0.00000 0.00000 1.26473 1.52948 0.00000 4.00271 1.45244 0.00000 0.00000 1.45134 0.00000 1.25346 0.00000 0.00000 1.34022
0.00000 0.00000 0.00000 0.00000 1.21550 0.00000 1.59602 1.46933 0.00000 0.00000 2.25939 0.00000 1.22897 0.00000 0.00000 1.48421
1.48967 5.52596 1.60905 2.85726 2.38425 1.21372 3.19844 2.16204 0.00000 1.62726 2.29181 1.89412 1.25898 2.01656 1.45767 2.99318
0.00000 0.00000 0.00000 0.00000 0.00000 0.00000 1.22440 0.00000 0.00000 0.00000 1.77149 0.00000 0.00000 0.00000 0.00000 1.41489
0.00000 0.00000 0.00000 0.00000 0.00000 0.00000 1.24112 1.39050 0.00000 0.00000 1.63034 0.00000 0.00000 0.00000 0.00000 1.36881
1.60550 3.87983 1.32178 2.03905 2.39025 1.24929 6.60365 2.11963 1.48777 1.97636 2.46137 1.58684 1.28882 3.02574 1.79213 3.52420
0.00000 1.75834 1.51144 2.89164 2.50312 0.00000 2.17695 1.75149 0.00000 1.39326 2.72053 2.04313 1.77878 1.32213 0.00000 1.89965
0.00000 0.00000 0.00000 0.00000 0.00000 0.00000 0.00000 0.00000 0.00000 0.00000 1.33319 0.00000 0.00000 0.00000 0.00000 0.00000
0.00000 1.99640 0.00000 1.74458 1.60352 0.00000 1.83840 2.05768 0.00000 0.00000 1.49851 1.30182 1.37051 0.00000 0.00000 1.64435
0.00000 0.00000 0.00000 0.00000 0.00000 0.00000 1.39908 1.39557 0.00000 0.00000 1.42686 0.00000 1.20525 0.00000 0.00000 1.36031
0.00000 1.65618 1.44824 2.27429 2.04393 0.00000 1.91290 2.67423 0.00000 0.00000 2.29937 1.43313 1.89045 1.19101 0.00000 1.80258
0.00000 2.07432 1.45984 2.52473 2.46985 0.00000 2.87166 2.51368 0.00000 1.57347 3.06416 2.30393 1.55299 1.46150 1.37960 2.34695
0.00000 0.00000 0.00000 0.00000 0.00000 0.00000 0.00000 0.00000 0.00000 0.00000 1.49156 0.00000 0.00000 0.00000 0.00000 1.32688
