1.46149 2.23237 0.00000 0.00000 1.34927 0.00000 0.00000 1.59723 2.14375 1.45563 1.49426 0.00000 0.00000 1.51177 0.00000 0.00000
0.00000 1.73592 0.00000 0.00000 0.00000 0.00000 0.00000 0.00000 2.04499 0.00000 0.00000 0.00000 0.00000 0.00000 0.00000 0.00000
1.46156 1.98871 1.46518 0.00000 1.38007 0.00000 0.00000 1.67406 1.89542 1.46070 1.52390 0.00000 0.00000 1.82466 0.00000 0.00000
1.62993 1.85143 2.55274 1.31174 1.46176 3.31230 1.56215 1.55395 1.59420 1.95250 2.03821 2.24829 1.64963 1.89433 2.13465 3.01630
0.00000 1.90875 0.00000 0.00000 1.55102 0.00000 0.00000 0.00000 1.99270 0.00000 0.00000 0.00000 0.00000 0.00000 0.00000 0.00000
1.58904 1.93089 1.82083 0.00000 1.41625 1.53169 0.00000 2.63276 2.33595 1.44719 1.78998 0.00000 0.00000 1.53098 1.83815 1.78409
1.51307 1.55016 2.38093 0.00000 1.42991 1.87558 1.34432 1.69111 1.94021 1.79250 1.77293 1.64456 0.00000 1.33874 2.25658 2.27757
0.00000 2.31538 0.00000 0.00000 1.35587 0.00000 0.00000 1.59534 2.24910 0.00000 1.57821 0.00000 0.00000 1.53995 0.00000 0.00000
0.00000 0.00000 0.00000 0.00000 0.00000 0.00000 0.00000 0.00000 2.00363 0.00000 0.00000 0.00000 0.00000 0.00000 0.00000 0.00000
0.00000 2.18206 0.00000 0.00000 1.36069 0.00000 0.00000 1.59804 2.12565 1.45393 1.50148 0.00000 0.00000 1.51675 0.00000 0.00000
0.00000 2.17252 0.00000 0.00000 1.44660 0.00000 0.00000 0.00000 1.93257 0.00000 1.51103 0.00000 0.00000 0.00000 0.00000 0.00000
1.57047 1.75307 2.09331 0.00000 1.32548 1.75405 0.00000 2.59268 2.20426 1.62421 1.74898 1.58264 0.00000 1.34639 2.26826 1.91398
1.53450 1.59613 2.55077 0.00000 1.40979 2.03403 1.36211 1.52407 1.54807 1.89762 1.96255 1.61972 1.33267 1.40409 2.34374 2.81044
0.00000 2.32919 0.00000 0.00000 1.51676 0.00000 0.00000 0.00000 2.05074 0.00000 1.62434 0.00000 0.00000 1.49465 0.00000 0.00000
1.45906 1.79410 1.55719 0.00000 1.46886 0.00000 0.00000 1.90806 1.73353 1.43495 1.65457 0.00000 0.00000 1.96488 1.82057 0.00000
1.47774 1.99255 1.67615 0.00000 1.30606 0.00000 0.00000 2.08779 2.05705 1.42020 1.79862 0.00000 0.00000 1.58041 1.95588 1.85754
