1.48225 1.42483 0.00000 1.33140 1.18776 1.29185 1.24867 0.00000 1.93815 1.40554 0.00000 1.30533 1.17521 0.00000 1.45249 1.45564
0.00000 1.41078 0.00000 1.29268 0.00000 1.24105 0.00000 0.00000 0.00000 0.00000 0.00000 1.33767 0.00000 0.00000 0.00000 1.33006
1.48234 1.48021 1.26274 1.32233 1.18835 1.37324 1.24409 0.00000 2.01074 1.39065 0.00000 1.32171 1.18913 0.00000 1.46823 1.48063
0.00000 0.00000 0.00000 1.27326 0.00000 0.00000 0.00000 0.00000 0.00000 0.00000 0.00000 0.00000 0.00000 0.00000 0.00000 0.00000
0.00000 1.42736 0.00000 1.34038 1.19034 1.32072 1.25267 0.00000 1.94938 1.40706 0.00000 1.30403 1.17027 0.00000 1.45000 1.45170
0.00000 0.00000 0.00000 1.33931 0.00000 1.17666 0.00000 0.00000 0.00000 0.00000 0.00000 0.00000 0.00000 0.00000 0.00000 0.00000
0.00000 1.42487 0.00000 1.33323 0.00000 1.33191 1.21418 0.00000 0.00000 1.39280 0.00000 1.29965 1.16096 0.00000 1.42660 1.46217
1.69425 1.91815 1.29153 1.53698 1.22522 1.25514 1.25160 1.37877 2.31371 1.68317 1.30628 1.30009 1.18204 0.00000 1.63864 1.41629
0.00000 1.42482 0.00000 1.33535 0.00000 1.32904 1.21400 0.00000 1.97469 1.39424 0.00000 1.30243 1.16401 0.00000 1.43481 1.45724
0.00000 1.44304 0.00000 1.28603 0.00000 1.21555 0.00000 0.00000 0.00000 1.39125 0.00000 1.31986 0.00000 0.00000 0.00000 1.38130
1.61153 1.79576 1.26705 1.42429 1.22613 1.26544 1.23025 0.00000 2.28288 1.56643 1.30966 1.30667 1.18472 0.00000 1.73044 1.42319
0.00000 0.00000 0.00000 1.31104 0.00000 1.18578 0.00000 0.00000 0.00000 0.00000 0.00000 1.29418 0.00000 0.00000 0.00000 0.00000
0.00000 1.53838 0.00000 1.29743 0.00000 1.18577 0.00000 0.00000 0.00000 1.46507 0.00000 1.30435 1.16071 0.00000 1.40903 1.42959
1.65075 1.97984 1.25466 1.44925 1.23045 1.21833 1.26984 1.55972 2.28944 1.68740 1.30989 1.32447 1.29109 1.16927 1.85717 1.36823
0.00000 1.49870 0.00000 1.30219 0.00000 1.18888 0.00000 0.00000 0.00000 1.40855 0.00000 1.33906 0.00000 0.00000 1.37483 1.40011
0.00000 0.00000 0.00000 1.31001 0.00000 1.17793 0.00000 0.00000 0.00000 0.00000 0.00000 1.28860 0.00000 0.00000 0.00000 1.32617
