1.24580 3.56235 6.03819 11.99735 13.64216 6.87216 6.04310 4.45249 5.63769 15.50093 5.48613 6.45402 5.85246 6.51837 6.11092 6.78800
1.26835 1.14493 5.54900 12.65429 13.86165 5.09101 8.05115 4.58472 5.32190 17.89699 5.66234 6.46953 5.89468 6.75654 5.00641 7.48027
1.28892 1.12472 1.33308 16.17322 15.05806 5.97541 5.80886 5.54106 6.93975 14.53194 5.90895 6.24584 6.23270 5.89870 4.12473 6.94393
1.38476 1.10337 1.33046 1.26672 14.37592 4.66890 6.67195 6.48490 10.14773 18.54632 4.73883 5.43063 6.10793 4.80554 3.94538 5.87725
1.39933 1.15003 1.32039 1.26863 1.33239 4.50023 5.70856 4.58035 9.25880 20.19524 4.31848 5.40105 7.03040 4.89106 4.25340 4.82158
1.39724 1.19368 1.32573 1.25285 1.33896 1.03467 6.12515 4.63058 9.99078 22.67904 3.86021 5.58491 7.25724 4.56744 4.67740 5.24688
1.65908 1.29369 1.37609 1.25302 1.39772 1.01780 1.21990 4.31156 9.21687 18.82776 3.43084 5.07068 7.27287 4.64293 5.86670 5.38966
1.93296 1.49653 1.37510 1.23607 1.44545 1.03812 1.32656 1.29384 7.22849 18.22231 3.57051 5.66814 7.02954 5.20168 7.23346 5.42134
2.30733 1.44421 1.33882 1.33400 1.49765 1.04910 1.37047 1.30161 1.30105 21.94109 3.24091 5.25153 6.63774 5.11034 9.06828 7.83494
2.42093 1.41923 1.39865 1.44306 1.51701 1.09155 1.35062 1.38156 1.38346 1.44978 2.97617 5.91562 8.30006 4.92263 6.89920 6.53025
2.62418 1.47215 1.51869 1.42240 1.61184 1.05443 1.36734 1.41523 1.51474 1.45028 1.35002 5.66960 11.53079 5.06532 6.49629 5.91173
2.60075 1.42838 1.48475 1.46126 1.67082 1.17891 1.34683 1.57643 1.47028 1.47918 1.41986 1.22381 10.54706 4.51834 5.97712 7.48316
3.41284 1.45805 1.46945 1.54948 1.47130 1.30435 1.49641 1.85795 1.55666 1.48748 1.31926 1.54175 1.33025 3.95557 7.61004 6.52162
3.79027 1.43546 1.44952 1.56720 1.60688 1.37317 1.53428 1.94238 1.49839 1.45367 1.33559 1.59272 1.53021 1.22749 8.12313 7.73714
3.48799 1.33737 1.39588 1.49844 1.66683 1.44731 1.54659 2.30433 2.09003 1.44412 1.32146 1.40915 1.42125 1.22673 1.51730 9.51499
4.39897 1.31107 1.46146 1.43175 1.55921 1.52158 1.88558 2.61294 2.48586 1.46965 1.31943 1.29286 1.35769 1.26988 1.55025 1.45639
