1.45615 1.40133 0.00000 0.00000 0.00000 0.00000 0.00000 0.00000 0.00000 0.00000 0.00000 0.00000 0.00000 0.00000 1.38475 0.00000
0.00000 1.39997 0.00000 0.00000 0.00000 0.00000 0.00000 0.00000 0.00000 0.00000 0.00000 0.00000 0.00000 0.00000 0.00000 0.00000
1.73848 1.48942 1.24099 0.00000 0.00000 1.19636 1.35422 0.00000 0.00000 2.09713 1.32385 1.60738 0.00000 1.19146 1.43061 0.00000
1.76934 1.83916 1.34201 1.25310 0.00000 1.33192 1.32340 1.47061 1.51131 2.36893 1.38827 1.63111 1.18070 1.26312 1.52190 0.00000
1.81098 2.00006 1.35628 1.28065 1.17653 1.25102 1.35432 1.43295 1.59305 2.65383 1.40318 1.65315 1.27304 1.20734 1.60691 1.35443
1.54362 1.54756 0.00000 0.00000 0.00000 1.18686 1.29596 0.00000 0.00000 2.19432 1.34068 1.61129 0.00000 1.18835 1.45327 0.00000
1.49923 1.60516 0.00000 0.00000 0.00000 0.00000 1.31844 0.00000 0.00000 2.49370 1.31694 1.50987 0.00000 1.19501 1.47359 0.00000
1.91401 1.49665 1.25575 0.00000 0.00000 1.36942 1.32100 1.37176 0.00000 2.29841 1.33080 1.66866 0.00000 1.19157 1.40855 0.00000
1.78436 1.58339 1.23843 0.00000 0.00000 1.30761 1.30807 1.37897 1.46664 1.98913 1.38062 1.72043 0.00000 1.21650 1.46679 0.00000
1.48045 1.43602 0.00000 0.00000 0.00000 0.00000 0.00000 0.00000 0.00000 1.39763 0.00000 0.00000 0.00000 0.00000 1.45843 0.00000
1.49194 1.56129 0.00000 0.00000 0.00000 0.00000 0.00000 0.00000 0.00000 2.36290 1.30625 1.50399 0.00000 1.17748 1.48347 0.00000
1.52057 1.41009 0.00000 0.00000 0.00000 0.00000 0.00000 0.00000 0.00000 1.86742 0.00000 1.30594 0.00000 1.19133 1.53351 0.00000
1.89458 1.52793 1.23099 0.00000 0.00000 1.27205 1.28137 1.51604 1.53723 2.52468 1.41903 1.73733 1.18916 1.29807 1.48689 0.00000
1.48688 1.46731 0.00000 0.00000 0.00000 0.00000 0.00000 0.00000 0.00000 1.41441 0.00000 0.00000 0.00000 1.18015 1.43447 0.00000
0.00000 1.40569 0.00000 0.00000 0.00000 0.00000 0.00000 0.00000 0.00000 0.00000 0.00000 0.00000 0.00000 0.00000 1.38697 0.00000
1.86145 1.79386 1.38361 1.25417 0.00000 1.25867 1.27159 1.40166 1.51204 2.72665 1.41060 1.67172 1.23344 1.20991 1.60130 1.31854
