1.45144 2.36950 0.00000 1.59177 0.00000 0.00000 1.28739 0.00000 0.00000 1.49593 0.00000 0.00000 1.19064 1.33544 3.66948 2.04927
0.00000 1.41313 0.00000 1.39939 0.00000 0.00000 0.00000 0.00000 0.00000 0.00000 0.00000 0.00000 0.00000 0.00000 1.41044 1.42006
1.46965 3.04234 1.26595 1.47140 0.00000 0.00000 1.33782 0.00000 0.00000 1.62857 0.00000 0.00000 1.19215 1.55652 4.27269 2.44246
0.00000 0.00000 0.00000 1.25426 0.00000 0.00000 0.00000 0.00000 0.00000 0.00000 0.00000 0.00000 0.00000 0.00000 0.00000 1.37094
1.49251 3.21318 1.36981 1.38629 1.18265 1.31904 1.64412 1.43023 1.60665 1.52759 1.56984 1.33956 1.34726 1.30299 3.45891 3.26256
1.46125 2.98678 1.26047 1.59049 0.00000 1.18865 1.50487 0.00000 1.48806 1.56766 0.00000 0.00000 1.19753 1.23084 3.01172 2.07324
0.00000 2.41999 0.00000 1.53837 0.00000 0.00000 1.27300 0.00000 0.00000 1.50977 0.00000 0.00000 1.18904 1.35759 3.63008 2.04822
1.64534 2.83054 1.27235 1.38087 0.00000 1.29665 1.92463 1.37272 1.59024 1.47164 0.00000 0.00000 1.27611 1.20978 3.42295 2.43238
1.49125 2.53807 1.25872 1.47741 0.00000 0.00000 1.46748 0.00000 1.46050 1.54339 0.00000 0.00000 1.18701 1.23993 3.75715 2.22318
0.00000 1.57452 0.00000 1.51423 0.00000 0.00000 0.00000 0.00000 0.00000 1.38903 0.00000 0.00000 0.00000 0.00000 1.62410 1.48315
1.63383 3.10786 1.26363 1.36842 0.00000 1.24276 1.85945 1.37807 1.52158 1.43816 1.37573 0.00000 1.38683 1.22112 3.07587 2.61132
1.61090 3.15348 1.28019 1.38673 0.00000 1.23768 1.71976 1.39338 1.48304 1.57787 1.41368 1.33241 1.52961 1.25762 2.96224 2.91838
0.00000 2.10293 0.00000 1.49936 0.00000 0.00000 0.00000 0.00000 0.00000 1.45966 0.00000 0.00000 1.20481 1.33382 3.73050 1.82643
0.00000 1.81531 0.00000 1.60933 0.00000 0.00000 0.00000 0.00000 0.00000 1.41647 0.00000 0.00000 0.00000 1.18698 1.93712 1.81672
0.00000 0.00000 0.00000 1.27610 0.00000 0.00000 0.00000 0.00000 0.00000 0.00000 0.00000 0.00000 0.00000 0.00000 1.39847 1.43108
0.00000 0.00000 0.00000 0.00000 0.00000 0.00000 0.00000 0.00000 0.00000 0.00000 0.00000 0.00000 0.00000 0.00000 0.00000 1.33501
