1.45329 0.00000 0.00000 0.00000 1.19687 0.00000 1.42451 1.56268 1.55394 2.07452 1.43881 1.76381 0.00000 0.00000 1.45166 0.00000
1.80459 1.40670 1.59713 1.43512 2.77016 1.56988 2.22042 2.26277 2.41282 2.09978 1.39195 1.90283 1.41776 1.18130 2.01984 5.03861
1.99984 0.00000 1.26246 1.26876 4.36900 1.20080 2.07602 2.18694 1.63171 2.25354 1.34698 1.94499 1.26021 1.19085 1.54017 3.92865
1.52213 0.00000 0.00000 1.25108 1.20229 0.00000 1.64836 1.44168 1.52740 3.69034 1.84644 1.82806 0.00000 0.00000 1.75347 1.33044
0.00000 0.00000 0.00000 0.00000 1.20037 0.00000 1.44312 1.56582 1.54702 2.10099 1.43054 1.74738 0.00000 0.00000 1.43943 0.00000
1.80416 0.00000 0.00000 1.26524 2.40132 1.17647 1.75049 1.41406 1.60689 2.17181 1.89961 2.23809 1.17705 0.00000 1.61011 1.53960
0.00000 0.00000 0.00000 0.00000 0.00000 0.00000 1.22329 0.00000 0.00000 1.39943 0.00000 1.76666 0.00000 0.00000 1.41017 0.00000
0.00000 0.00000 0.00000 0.00000 0.00000 0.00000 1.34500 1.37955 0.00000 1.46804 1.36729 1.73955 0.00000 0.00000 1.39781 0.00000
0.00000 0.00000 0.00000 0.00000 0.00000 0.00000 1.28046 1.39752 1.46452 1.61996 1.51211 1.56976 0.00000 0.00000 1.42917 0.00000
0.00000 0.00000 0.00000 0.00000 0.00000 0.00000 0.00000 0.00000 0.00000 1.38999 0.00000 0.00000 0.00000 0.00000 0.00000 0.00000
0.00000 0.00000 0.00000 0.00000 0.00000 0.00000 1.30575 0.00000 0.00000 1.42167 1.31015 1.66279 0.00000 0.00000 1.41102 0.00000
0.00000 0.00000 0.00000 0.00000 0.00000 0.00000 0.00000 0.00000 0.00000 1.96531 0.00000 1.29652 0.00000 0.00000 0.00000 0.00000
1.70440 0.00000 0.00000 1.25444 1.64885 0.00000 1.71099 1.68368 1.58866 3.46814 1.88199 2.07810 1.17037 0.00000 1.89461 1.44563
1.99488 0.00000 0.00000 1.30349 1.82601 1.25370 2.04463 1.42775 1.63347 2.82838 1.68050 2.03719 1.17731 1.17083 2.04916 2.37608
0.00000 0.00000 0.00000 0.00000 0.00000 0.00000 0.00000 0.00000 0.00000 1.43825 0.00000 1.70498 0.00000 0.00000 1.37856 0.00000
1.51884 0.00000 0.00000 0.00000 1.19718 0.00000 1.60988 1.46682 1.58006 2.81070 1.62271 1.60732 0.00000 0.00000 1.83185 1.32776
