1.46691 2.29620 2.60098 1.47555 1.52176 1.23461 1.30835 1.94914 1.52206 1.88712 1.51699 1.37690 1.33895 1.33347 1.64732 1.42438
0.00000 1.43450 0.00000 0.00000 0.00000 0.00000 0.00000 0.00000 0.00000 0.00000 1.34509 0.00000 0.00000 1.50308 0.00000 0.00000
0.00000 1.43155 1.31200 0.00000 0.00000 0.00000 0.00000 0.00000 0.00000 0.00000 1.34565 0.00000 0.00000 1.36940 0.00000 0.00000
0.00000 1.84932 1.32691 1.33232 1.39216 0.00000 0.00000 0.00000 0.00000 0.00000 1.49839 0.00000 0.00000 1.24623 0.00000 0.00000
0.00000 1.69140 1.36999 0.00000 1.29020 0.00000 0.00000 0.00000 0.00000 0.00000 1.38455 0.00000 0.00000 1.30323 0.00000 0.00000
0.00000 2.02151 2.24901 1.54902 1.50042 1.22500 1.31468 0.00000 0.00000 1.45430 1.58156 1.48956 1.30128 1.42259 1.51913 0.00000
0.00000 1.81479 1.65736 1.40846 1.32258 0.00000 1.23756 0.00000 0.00000 1.43018 1.64303 1.51798 1.26103 1.45452 1.48632 0.00000
0.00000 1.93808 2.17976 1.52324 1.46599 1.22623 1.32572 1.86749 0.00000 1.45422 1.59758 1.49817 1.27553 1.45202 1.50741 0.00000
0.00000 2.28806 2.57242 1.46903 1.52379 1.23382 1.30341 1.96468 1.52148 1.89318 1.50959 1.38079 1.36773 1.32912 1.66254 1.42106
0.00000 1.77408 1.36279 1.34733 1.44204 0.00000 0.00000 0.00000 0.00000 1.43064 1.80417 1.31990 0.00000 1.26741 0.00000 0.00000
0.00000 0.00000 0.00000 0.00000 0.00000 0.00000 0.00000 0.00000 0.00000 0.00000 1.34886 0.00000 0.00000 1.35421 0.00000 0.00000
0.00000 1.86687 1.41899 1.34061 1.44200 0.00000 0.00000 0.00000 0.00000 0.00000 1.54911 1.31508 0.00000 1.28340 0.00000 0.00000
0.00000 2.23463 1.42970 1.39782 1.40199 0.00000 0.00000 0.00000 0.00000 1.43514 1.57731 1.38182 1.23361 1.31918 1.52997 0.00000
0.00000 0.00000 0.00000 0.00000 0.00000 0.00000 0.00000 0.00000 0.00000 0.00000 0.00000 0.00000 0.00000 1.23924 0.00000 0.00000
0.00000 1.75604 1.49228 1.34678 1.34023 0.00000 0.00000 0.00000 0.00000 1.45957 2.11469 1.36493 0.00000 1.26343 1.41865 0.00000
0.00000 2.06037 2.45720 1.50449 1.41175 1.23093 1.37944 2.03296 0.00000 1.53872 1.55703 1.34188 1.55192 1.25827 1.47095 1.36146
