1.48589 1.83939 1.85513 0.00000 1.99685 1.67852 1.54711 2.68404 1.56927 0.00000 0.00000 2.14021 1.99461 2.54535 0.00000 2.60295
0.00000 1.62875 0.00000 0.00000 0.00000 0.00000 0.00000 0.00000 0.00000 0.00000 0.00000 0.00000 2.24593 0.00000 0.00000 0.00000
0.00000 1.80748 1.84053 0.00000 0.00000 1.83985 0.00000 0.00000 0.00000 0.00000 0.00000 0.00000 2.39327 0.00000 0.00000 0.00000
1.69254 1.83519 1.63060 1.97967 1.93065 1.82792 1.47105 2.54773 1.65909 0.00000 0.00000 2.28755 1.98276 2.92992 0.00000 2.59339
0.00000 1.93998 2.02226 0.00000 1.88422 1.61063 0.00000 0.00000 0.00000 0.00000 0.00000 0.00000 2.50129 2.11620 0.00000 2.62019
0.00000 1.63493 0.00000 0.00000 0.00000 1.83241 0.00000 0.00000 0.00000 0.00000 0.00000 0.00000 2.27226 0.00000 0.00000 0.00000
0.00000 1.84139 1.88714 0.00000 1.97297 1.68470 1.54979 2.69327 1.56730 0.00000 0.00000 2.15396 1.98185 2.53340 0.00000 2.60555
0.00000 1.73082 1.67186 0.00000 1.93157 1.84590 0.00000 2.97988 0.00000 0.00000 0.00000 1.72543 2.23488 2.69411 0.00000 2.34349
0.00000 1.76213 1.85970 0.00000 1.98870 1.81579 0.00000 2.89011 1.53631 0.00000 0.00000 1.73159 1.99933 2.80657 0.00000 2.64526
1.61719 1.44282 1.98435 2.46447 1.92954 1.54104 1.43007 2.81144 1.64287 1.97774 4.16693 2.29751 2.46078 2.42060 1.66037 3.26698
1.52855 1.58780 1.93022 2.48352 2.06560 1.64711 1.51193 2.35167 1.61659 0.00000 3.18581 2.19432 2.22008 2.44449 0.00000 2.60767
0.00000 1.67153 1.85886 0.00000 2.17297 1.71182 0.00000 0.00000 0.00000 0.00000 0.00000 1.63053 2.17400 2.28766 0.00000 2.41585
0.00000 0.00000 0.00000 0.00000 0.00000 0.00000 0.00000 0.00000 0.00000 0.00000 0.00000 0.00000 2.31384 0.00000 0.00000 0.00000
0.00000 1.78615 2.00280 0.00000 0.00000 2.06892 0.00000 0.00000 0.00000 0.00000 0.00000 0.00000 2.35262 2.18691 0.00000 0.00000
1.62441 1.48049 1.95632 2.32197 2.06696 1.59842 1.49397 2.54583 1.68409 0.00000 3.35926 1.91799 2.10372 2.47203 1.68228 2.65222
0.00000 2.06292 1.96667 0.00000 0.00000 1.67329 0.00000 0.00000 0.00000 0.00000 0.00000 0.00000 2.51284 2.16697 0.00000 2.55169
