1.47266 2.43582 1.44824 2.75983 2.15840 0.00000 0.00000 0.00000 1.94064 0.00000 0.00000 0.00000 2.95089 0.00000 0.00000 0.00000
0.00000 1.94479 0.00000 0.00000 0.00000 0.00000 0.00000 0.00000 0.00000 0.00000 0.00000 0.00000 0.00000 0.00000 0.00000 0.00000
0.00000 2.35143 1.67738 0.00000 0.00000 0.00000 0.00000 0.00000 1.60224 0.00000 0.00000 0.00000 0.00000 0.00000 0.00000 0.00000
0.00000 2.38428 1.61682 2.83098 0.00000 0.00000 0.00000 0.00000 1.70200 0.00000 0.00000 0.00000 0.00000 0.00000 0.00000 0.00000
0.00000 2.43777 1.46583 2.75204 2.17466 0.00000 0.00000 0.00000 1.93240 0.00000 0.00000 0.00000 2.96836 0.00000 0.00000 0.00000
1.64428 2.26641 1.52763 2.92048 2.09703 1.84137 0.00000 0.00000 2.10692 0.00000 0.00000 0.00000 3.20481 0.00000 0.00000 0.00000
1.71432 2.16305 1.44041 4.60665 2.30718 2.22370 1.77044 0.00000 2.08498 1.95419 1.96620 0.00000 3.89885 0.00000 1.89941 0.00000
1.77540 2.16246 1.33357 4.62262 3.10832 2.32225 1.99328 2.32408 1.85553 1.96430 1.89667 0.00000 4.40230 0.00000 2.05946 0.00000
0.00000 2.20769 0.00000 0.00000 0.00000 0.00000 0.00000 0.00000 1.64707 0.00000 0.00000 0.00000 0.00000 0.00000 0.00000 0.00000
1.60073 2.01273 1.47697 4.27219 2.11709 1.66931 0.00000 0.00000 2.33039 1.67647 0.00000 0.00000 3.17826 0.00000 0.00000 0.00000
1.64337 2.25320 1.38221 3.71157 2.31410 1.81572 0.00000 0.00000 2.08836 1.90288 1.78202 0.00000 4.05359 0.00000 1.87260 0.00000
1.87201 2.32286 1.32069 3.94317 3.06852 1.81139 2.03281 2.36754 1.86861 2.03001 1.59874 1.54574 4.05501 0.00000 2.13252 0.00000
0.00000 2.42473 1.60777 2.74660 0.00000 0.00000 0.00000 0.00000 1.94741 0.00000 0.00000 0.00000 2.87117 0.00000 0.00000 0.00000
1.91149 2.31980 1.33070 4.06939 2.88597 1.82764 2.63985 2.10510 2.21642 1.95565 1.52078 1.55113 3.58882 3.68289 2.59801 2.04062
1.48341 2.14938 1.50299 4.58387 2.30553 1.87941 0.00000 0.00000 2.07336 2.12695 0.00000 0.00000 3.30618 0.00000 1.63478 0.00000
2.08305 2.26424 1.27931 4.59457 3.38860 1.75737 2.23911 2.16564 2.04248 1.91236 1.55493 1.53096 3.77259 0.00000 2.05473 2.04659
