1.47191 2.78974 1.78315 2.23299 1.43392 2.97065 1.50844 1.51497 1.58617 0.00000 0.00000 3.41828 1.20441 0.00000 1.44453 1.44453
0.00000 1.63595 0.00000 0.00000 1.78418 0.00000 0.00000 0.00000 0.00000 0.00000 0.00000 0.00000 0.00000 0.00000 0.00000 0.00000
0.00000 1.69098 1.92223 1.96572 2.08934 0.00000 1.34151 1.71211 1.89009 0.00000 0.00000 2.88176 0.00000 0.00000 0.00000 0.00000
0.00000 1.55049 0.00000 1.45711 1.82225 0.00000 1.29438 0.00000 1.72237 0.00000 0.00000 1.99440 0.00000 0.00000 0.00000 0.00000
0.00000 0.00000 0.00000 0.00000 1.72543 0.00000 0.00000 0.00000 0.00000 0.00000 0.00000 0.00000 0.00000 0.00000 0.00000 0.00000
0.00000 2.45872 1.96865 2.55286 1.49668 2.75642 1.57590 1.58475 1.56234 0.00000 0.00000 2.97814 1.28132 0.00000 0.00000 0.00000
0.00000 1.78725 0.00000 0.00000 1.67243 0.00000 1.26001 0.00000 0.00000 0.00000 0.00000 0.00000 0.00000 0.00000 0.00000 0.00000
0.00000 1.52096 0.00000 1.45929 1.64792 0.00000 1.44712 1.74148 1.69315 0.00000 0.00000 2.17268 0.00000 0.00000 0.00000 0.00000
0.00000 1.80866 0.00000 0.00000 1.77444 0.00000 1.25832 0.00000 1.67556 0.00000 0.00000 0.00000 0.00000 0.00000 0.00000 0.00000
1.47149 3.13831 1.76436 2.22273 1.58319 2.93890 1.74509 1.51117 1.69570 1.47805 0.00000 3.57381 1.21876 0.00000 1.43093 1.54217
1.48049 3.70407 1.80060 2.35773 1.65090 3.23404 1.85649 1.62360 1.82249 1.63931 1.51506 3.26794 1.39950 0.00000 1.45564 1.61420
0.00000 1.56585 0.00000 0.00000 2.01682 0.00000 1.28268 0.00000 1.77800 0.00000 0.00000 1.88407 0.00000 0.00000 0.00000 0.00000
0.00000 1.75656 1.94295 1.86456 1.88953 0.00000 1.35928 1.53327 1.85301 0.00000 0.00000 3.27942 1.27358 0.00000 0.00000 0.00000
1.50919 3.61770 1.76600 2.35523 1.35625 3.04083 1.79238 1.86756 1.98540 2.67203 1.43897 2.95731 1.31434 1.78385 1.43716 1.70262
0.00000 2.72888 1.79542 2.28113 1.42272 2.99916 1.50930 1.49916 1.59544 0.00000 0.00000 3.28053 1.19734 0.00000 1.44515 1.44054
0.00000 2.41088 1.89162 2.39096 1.43180 3.07637 1.51064 1.59752 1.83780 0.00000 0.00000 3.17535 1.19856 0.00000 0.00000 1.41196
