1.45243 0.00000 0.00000 0.00000 0.00000 0.00000 0.00000 0.00000 1.45755 0.00000 0.00000 0.00000 0.00000 1.17082 0.00000 0.00000
1.51509 1.40811 1.50125 0.00000 1.60763 1.36706 1.72473 2.16987 2.41974 2.47649 1.61727 0.00000 0.00000 1.82340 1.41762 0.00000
1.63356 0.00000 1.24920 0.00000 1.30650 1.30072 2.07666 1.59644 1.67615 2.32095 1.37968 0.00000 0.00000 1.80616 1.38630 0.00000
1.62539 1.75405 1.76092 1.26436 2.00664 2.65911 1.34883 1.87447 2.52890 5.14360 1.59162 0.00000 1.45709 2.15846 1.39774 1.35166
1.61195 0.00000 0.00000 0.00000 1.19900 0.00000 1.31776 0.00000 1.75862 1.48931 0.00000 0.00000 0.00000 1.48394 0.00000 0.00000
1.59286 0.00000 0.00000 0.00000 1.30069 1.18263 1.54584 0.00000 1.76378 1.45851 0.00000 0.00000 0.00000 1.53362 0.00000 0.00000
1.50681 0.00000 0.00000 0.00000 0.00000 0.00000 1.21007 0.00000 1.46582 0.00000 0.00000 0.00000 0.00000 1.16772 0.00000 0.00000
1.49397 0.00000 0.00000 0.00000 1.54283 1.30025 1.82817 1.37478 1.47388 1.43938 0.00000 0.00000 0.00000 1.82721 0.00000 0.00000
0.00000 0.00000 0.00000 0.00000 0.00000 0.00000 0.00000 0.00000 1.46742 0.00000 0.00000 0.00000 0.00000 0.00000 0.00000 0.00000
1.47309 0.00000 0.00000 0.00000 0.00000 0.00000 1.25099 0.00000 1.49773 1.38494 0.00000 0.00000 0.00000 1.39508 0.00000 0.00000
1.51060 0.00000 0.00000 0.00000 1.52421 1.42967 1.74906 1.48951 1.80150 2.01361 1.32768 0.00000 0.00000 2.14330 1.46010 0.00000
1.55040 1.95694 1.66824 1.33926 2.42690 2.54159 1.32364 1.82656 2.47736 6.09197 1.69694 1.27900 1.78164 2.16524 1.60558 1.47189
1.54618 1.41891 1.38834 0.00000 1.56321 1.35476 1.56348 2.04198 2.20280 3.50172 1.82178 0.00000 1.17521 1.79174 1.47127 0.00000
0.00000 0.00000 0.00000 0.00000 0.00000 0.00000 0.00000 0.00000 1.46246 0.00000 0.00000 0.00000 0.00000 1.16719 0.00000 0.00000
1.51948 0.00000 0.00000 0.00000 1.26228 1.33356 1.67698 1.41154 1.47025 1.62154 0.00000 0.00000 0.00000 1.80579 1.37904 0.00000
1.53931 1.41958 1.41109 0.00000 1.56143 1.35128 1.53593 1.97537 2.20745 3.91678 1.80283 0.00000 1.16771 1.76938 1.45493 1.35648
