1.47096 1.44532 1.38816 1.58519 4.08963 1.20035 1.52520 0.00000 2.06428 0.00000 1.45596 1.50088 0.00000 1.26795 0.00000 1.64699
0.00000 1.40964 1.25215 1.33804 1.78491 0.00000 1.22769 0.00000 0.00000 0.00000 0.00000 0.00000 0.00000 1.40831 0.00000 1.46988
0.00000 0.00000 1.24525 1.29926 1.98004 0.00000 1.29821 0.00000 0.00000 0.00000 0.00000 0.00000 0.00000 1.35645 0.00000 1.47958
0.00000 0.00000 0.00000 1.25217 1.55753 0.00000 0.00000 0.00000 0.00000 0.00000 0.00000 0.00000 0.00000 1.21552 0.00000 1.45143
0.00000 0.00000 0.00000 0.00000 1.21865 0.00000 0.00000 0.00000 0.00000 0.00000 0.00000 0.00000 0.00000 0.00000 0.00000 0.00000
0.00000 1.43476 1.38036 1.59726 4.04656 1.19974 1.50817 0.00000 2.05415 0.00000 1.45359 1.49511 0.00000 1.26533 0.00000 1.64405
0.00000 0.00000 0.00000 1.28354 1.50023 0.00000 1.21666 0.00000 0.00000 0.00000 0.00000 0.00000 0.00000 1.25473 0.00000 1.38860
1.60797 1.46170 2.12981 1.46901 1.76508 2.32031 1.77920 1.38198 3.09722 1.43904 1.32307 1.38099 1.27761 2.13327 1.83185 2.11543
0.00000 1.50701 1.24500 1.31172 1.63120 0.00000 1.24228 0.00000 1.47616 0.00000 0.00000 0.00000 0.00000 1.40167 0.00000 1.44418
1.57836 1.43507 1.98802 1.67470 2.51211 1.52263 1.76486 0.00000 3.12298 1.40220 1.38738 1.31836 1.23120 1.63375 1.46697 2.32291
0.00000 1.46292 1.29626 1.43973 1.98660 0.00000 1.38004 0.00000 1.70497 0.00000 1.31154 1.50187 0.00000 1.25706 0.00000 1.37493
0.00000 1.46020 1.27798 1.43138 2.20614 0.00000 1.24432 0.00000 1.77084 0.00000 0.00000 1.31315 0.00000 1.24723 0.00000 1.37480
1.49117 1.47213 1.43381 1.80714 5.97336 1.42602 1.56298 0.00000 3.16266 0.00000 1.45468 1.34000 1.18285 1.33096 0.00000 2.30509
0.00000 0.00000 0.00000 0.00000 1.35427 0.00000 0.00000 0.00000 0.00000 0.00000 0.00000 0.00000 0.00000 1.18931 0.00000 1.47813
1.52273 1.42346 1.58586 1.81129 3.88067 1.38940 1.79210 0.00000 3.43752 0.00000 1.57937 1.40701 1.27503 1.49105 1.37747 2.12084
0.00000 0.00000 0.00000 0.00000 1.23578 0.00000 0.00000 0.00000 0.00000 0.00000 0.00000 0.00000 0.00000 0.00000 0.00000 1.34377
