2.80442 0.00000 0.00000 7.85188 10.24254 7.86353 0.00000 7.81749 5.76454 0.00000 0.00000 0.00000 6.60510 8.21142 4.38834 5.60907
2.80225 3.67746 3.12622 7.87323 10.23301 7.85219 4.76458 7.82652 5.78000 0.00000 0.00000 5.76083 6.60383 8.20701 4.39276 5.61787
2.80237 0.00000 3.12994 7.85457 10.25138 7.85794 0.00000 7.81581 5.76615 0.00000 0.00000 0.00000 6.60505 8.20919 4.38614 5.61154
0.00000 0.00000 0.00000 8.03342 0.00000 0.00000 0.00000 0.00000 0.00000 0.00000 0.00000 0.00000 6.60444 0.00000 0.00000 0.00000
0.00000 0.00000 0.00000 8.07228 9.82808 7.91354 0.00000 7.79500 5.80841 0.00000 0.00000 0.00000 6.62680 8.23303 0.00000 5.79283
0.00000 0.00000 0.00000 8.01926 0.00000 7.99541 0.00000 0.00000 0.00000 0.00000 0.00000 0.00000 6.60549 8.25887 0.00000 0.00000
2.79818 0.00000 3.13018 7.86147 10.22426 7.84972 4.75826 7.81677 5.76615 0.00000 0.00000 0.00000 6.60857 8.21053 4.38897 5.61620
0.00000 0.00000 0.00000 8.04613 0.00000 7.97285 0.00000 7.79955 5.83653 0.00000 0.00000 0.00000 6.60765 8.23582 0.00000 5.79021
0.00000 0.00000 0.00000 8.02601 0.00000 7.99299 0.00000 0.00000 5.85290 0.00000 0.00000 0.00000 6.60792 8.25631 0.00000 0.00000
2.80345 3.67812 3.13350 7.87262 10.22837 7.86452 4.78752 7.81119 5.74547 6.67904 11.25151 5.74448 6.58956 8.21749 4.40427 5.61424
2.80548 3.67369 3.13334 7.88385 10.22041 7.86662 4.78620 7.81682 5.74890 0.00000 11.22345 5.74793 6.59237 8.21352 4.39952 5.61837
2.79989 0.00000 3.12729 7.86857 10.23129 7.85342 4.76344 7.82379 5.78543 0.00000 0.00000 5.76012 6.60541 8.20202 4.39440 5.61591
0.00000 0.00000 0.00000 0.00000 0.00000 0.00000 0.00000 0.00000 0.00000 0.00000 0.00000 0.00000 6.61019 0.00000 0.00000 0.00000
0.00000 0.00000 0.00000 8.01143 0.00000 0.00000 0.00000 0.00000 0.00000 0.00000 0.00000 0.00000 6.59376 8.26047 0.00000 0.00000
0.00000 0.00000 0.00000 8.08061 9.83154 7.92252 0.00000 7.79398 5.80384 0.00000 0.00000 0.00000 6.64008 8.22756 4.35719 5.79258
0.00000 0.00000 0.00000 8.03662 0.00000 8.00084 0.00000 0.00000 5.82917 0.00000 0.00000 0.00000 6.59470 8.23841 0.00000 5.78653
