1.49642 2.38848 0.00000 2.50486 0.00000 0.00000 1.25224 1.70445 0.00000 0.00000 0.00000 0.00000 3.33387 0.00000 1.85894 0.00000
0.00000 1.65190 0.00000 1.84750 0.00000 0.00000 0.00000 0.00000 0.00000 0.00000 0.00000 0.00000 0.00000 0.00000 1.70905 0.00000
1.94483 3.44466 1.63275 1.79572 1.29156 0.00000 1.54836 2.15959 1.50484 1.41383 3.13054 0.00000 2.67548 1.57044 3.58546 0.00000
0.00000 0.00000 0.00000 1.36100 0.00000 0.00000 0.00000 0.00000 0.00000 0.00000 0.00000 0.00000 0.00000 0.00000 0.00000 0.00000
1.99871 5.02205 0.00000 2.33447 1.23538 0.00000 1.32714 1.57529 0.00000 1.47730 2.46259 0.00000 2.54662 1.29347 4.17657 0.00000
2.75575 6.40616 1.91547 1.75984 1.31311 1.32178 2.91955 1.42285 1.54305 1.95082 2.41656 2.45912 2.85682 2.29076 10.63889 1.38108
0.00000 2.38393 0.00000 2.50923 0.00000 0.00000 1.25089 1.71604 0.00000 0.00000 0.00000 0.00000 3.33351 0.00000 1.85776 0.00000
0.00000 1.84802 0.00000 2.72009 0.00000 0.00000 0.00000 1.62487 0.00000 0.00000 0.00000 0.00000 3.19946 0.00000 1.85065 0.00000
2.04463 4.19953 0.00000 2.42887 1.26538 0.00000 1.33897 1.60943 1.51722 1.45536 1.91483 0.00000 2.42365 1.35378 5.26655 0.00000
1.56963 3.31863 0.00000 2.87002 0.00000 0.00000 1.62763 1.52286 0.00000 1.46615 1.65291 0.00000 3.04081 0.00000 4.21184 0.00000
1.73733 3.06022 0.00000 2.79402 0.00000 0.00000 1.41046 1.73397 0.00000 0.00000 1.47767 0.00000 2.97782 0.00000 2.83358 0.00000
1.69872 3.63182 1.66141 1.75009 1.41263 0.00000 1.53383 2.37652 1.60591 1.40547 2.25707 1.32748 3.99786 1.67446 2.85497 0.00000
0.00000 1.66864 0.00000 1.69704 0.00000 0.00000 0.00000 0.00000 0.00000 0.00000 0.00000 0.00000 1.84340 0.00000 1.87073 0.00000
2.07929 4.35775 0.00000 2.39023 0.00000 0.00000 1.43292 1.62987 0.00000 1.50652 2.13374 0.00000 2.70736 1.31211 4.53654 0.00000
0.00000 0.00000 0.00000 1.59457 0.00000 0.00000 0.00000 0.00000 0.00000 0.00000 0.00000 0.00000 0.00000 0.00000 1.46645 0.00000
2.15938 4.22662 1.64910 1.42230 1.30001 0.00000 2.30135 1.94318 1.47696 2.15449 3.50168 2.29517 2.57575 1.89845 6.12884 1.36753
