1.47448 3.05317 0.00000 3.90354 0.00000 0.00000 0.00000 3.43698 0.00000 2.50110 0.00000 0.00000 3.24845 2.95056 3.15679 0.00000
0.00000 3.02594 0.00000 0.00000 0.00000 0.00000 0.00000 0.00000 0.00000 2.86902 0.00000 0.00000 0.00000 3.11765 2.71234 0.00000
1.50887 3.46730 2.81344 3.99073 0.00000 3.57706 0.00000 3.32022 0.00000 2.16430 0.00000 2.68452 3.82771 3.33388 3.06923 3.30727
0.00000 2.93725 0.00000 3.70021 0.00000 0.00000 0.00000 0.00000 0.00000 2.70054 0.00000 0.00000 0.00000 2.93524 2.72728 0.00000
1.53435 3.15055 3.42409 3.88870 3.80101 3.59160 2.24361 3.33529 3.06956 2.15246 4.39129 2.72326 4.02460 3.09093 3.37304 3.82009
1.50563 3.06050 0.00000 3.91013 0.00000 3.67615 0.00000 3.37371 0.00000 2.26050 0.00000 0.00000 3.49711 3.12914 3.25454 0.00000
1.51677 3.36074 2.89833 3.89527 0.00000 3.48870 2.15882 3.30221 0.00000 2.17385 0.00000 2.72474 3.95542 3.19477 3.13791 3.45604
0.00000 3.04917 0.00000 4.00865 0.00000 0.00000 0.00000 3.41123 0.00000 2.53175 0.00000 0.00000 3.18705 2.87029 3.07422 0.00000
1.51669 3.22689 3.38055 3.94257 0.00000 3.55241 2.16980 3.44589 3.07574 2.18175 4.42941 2.70035 3.96218 3.12210 3.34625 3.80681
0.00000 0.00000 0.00000 0.00000 0.00000 0.00000 0.00000 0.00000 0.00000 2.89037 0.00000 0.00000 0.00000 0.00000 2.83088 0.00000
1.50320 3.27877 3.36397 3.98085 0.00000 3.57851 2.21323 3.43412 0.00000 2.16865 4.39515 2.70761 3.76193 3.14499 3.44927 3.85681
1.49509 3.02790 0.00000 3.85436 0.00000 3.78448 0.00000 3.34664 0.00000 2.23173 0.00000 2.80664 3.81924 3.19319 3.14402 3.40423
0.00000 3.05031 0.00000 3.83694 0.00000 0.00000 0.00000 0.00000 0.00000 2.66759 0.00000 0.00000 3.28031 2.87415 2.97919 0.00000
0.00000 0.00000 0.00000 0.00000 0.00000 0.00000 0.00000 0.00000 0.00000 2.81594 0.00000 0.00000 0.00000 3.13519 2.77929 0.00000
0.00000 0.00000 0.00000 0.00000 0.00000 0.00000 0.00000 0.00000 0.00000 0.00000 0.00000 0.00000 0.00000 0.00000 2.83406 0.00000
1.49488 3.00542 0.00000 3.82974 0.00000 3.83159 0.00000 3.49804 0.00000 2.20467 0.00000 0.00000 3.83470 3.40598 3.18658 3.44986
