1.48127 1.79920 2.66169 1.86055 1.88470 2.23657 0.00000 3.80030 2.90741 0.00000 1.82924 1.47429 2.51336 2.46249 2.90054 0.00000
0.00000 1.70210 2.75682 0.00000 1.87140 2.32210 0.00000 3.35006 2.49606 0.00000 1.90166 1.36136 2.62427 2.37878 3.19967 0.00000
0.00000 0.00000 1.86535 0.00000 2.49203 1.87294 0.00000 1.89517 3.44588 0.00000 0.00000 0.00000 2.46930 0.00000 2.90499 0.00000
0.00000 1.79391 2.66208 1.85651 1.89829 2.23727 0.00000 3.77640 2.95985 0.00000 1.83132 1.47033 2.51050 2.46358 2.89826 0.00000
0.00000 0.00000 0.00000 0.00000 2.18402 0.00000 0.00000 1.84672 2.02706 0.00000 0.00000 0.00000 0.00000 0.00000 0.00000 0.00000
0.00000 0.00000 0.00000 0.00000 2.03237 1.93700 0.00000 1.80868 3.01051 0.00000 0.00000 0.00000 2.70181 0.00000 2.35095 0.00000
1.84383 2.39430 2.83228 2.88253 2.61341 2.60728 1.40547 2.61980 3.56043 1.48835 2.04458 1.32155 5.08144 2.62003 3.52485 2.29822
0.00000 0.00000 0.00000 0.00000 0.00000 0.00000 0.00000 1.99675 0.00000 0.00000 0.00000 0.00000 0.00000 0.00000 0.00000 0.00000
0.00000 0.00000 0.00000 0.00000 0.00000 0.00000 0.00000 1.89460 1.96914 0.00000 0.00000 0.00000 0.00000 0.00000 0.00000 0.00000
1.53739 1.89538 2.42482 2.09776 2.49172 2.71087 0.00000 3.26089 4.27655 1.54142 1.93802 1.40179 3.57565 2.26329 3.25579 1.97729
0.00000 0.00000 2.72839 0.00000 2.19168 2.24137 0.00000 2.78689 2.30618 0.00000 1.83818 1.34782 2.69726 2.72133 3.12595 0.00000
0.00000 0.00000 2.76882 0.00000 2.16343 2.16143 0.00000 2.36975 2.57577 0.00000 0.00000 1.54699 2.76440 2.47911 2.70443 0.00000
0.00000 0.00000 0.00000 0.00000 2.08783 0.00000 0.00000 2.09006 2.78147 0.00000 0.00000 0.00000 2.70791 0.00000 2.15957 0.00000
0.00000 0.00000 2.23450 0.00000 2.62141 2.03551 0.00000 2.13237 2.77718 0.00000 0.00000 0.00000 2.68163 2.40597 2.66168 0.00000
0.00000 0.00000 0.00000 0.00000 2.25639 0.00000 0.00000 1.93585 2.33701 0.00000 0.00000 0.00000 0.00000 0.00000 2.10860 0.00000
1.53495 1.86848 2.61790 1.96800 2.11201 2.55013 0.00000 4.40660 2.66179 0.00000 1.92641 1.39616 2.84145 2.32034 3.17783 1.99922
