1.47180 1.59347 1.24475 1.38438 0.00000 1.19627 1.21250 1.43193 0.00000 1.44280 1.74915 0.00000 1.17719 0.00000 1.38094 1.34009
0.00000 1.41031 0.00000 0.00000 0.00000 0.00000 0.00000 1.38149 0.00000 0.00000 0.00000 0.00000 0.00000 0.00000 0.00000 0.00000
0.00000 1.58353 1.25794 0.00000 0.00000 0.00000 0.00000 1.41284 0.00000 1.42366 1.74795 0.00000 0.00000 0.00000 0.00000 1.34192
0.00000 1.65949 1.23930 1.23538 0.00000 0.00000 0.00000 1.41173 0.00000 1.40954 2.06686 0.00000 1.16914 0.00000 0.00000 1.33489
1.54420 1.75220 1.27798 1.25682 1.18159 1.57621 1.28242 1.54749 0.00000 1.39868 2.09976 0.00000 1.22040 1.17469 1.49893 1.33666
0.00000 1.62289 1.26434 1.26354 0.00000 1.18319 0.00000 1.42174 0.00000 1.41218 1.95279 0.00000 1.16920 0.00000 1.37804 1.35499
0.00000 1.59495 1.24452 1.38507 0.00000 1.20534 1.21343 1.41785 0.00000 1.43760 1.74310 0.00000 1.17233 0.00000 1.37976 1.34093
0.00000 0.00000 0.00000 0.00000 0.00000 0.00000 0.00000 1.37748 0.00000 0.00000 0.00000 0.00000 0.00000 0.00000 0.00000 0.00000
1.53006 1.71073 1.26185 1.26023 1.18138 1.62784 1.30952 1.57242 1.45801 1.40306 1.96702 0.00000 1.21855 1.17887 1.51713 1.34107
0.00000 1.41157 0.00000 0.00000 0.00000 0.00000 0.00000 1.47196 0.00000 1.40256 1.29921 0.00000 0.00000 0.00000 0.00000 0.00000
0.00000 1.41096 0.00000 0.00000 0.00000 0.00000 0.00000 1.44653 0.00000 0.00000 1.29679 0.00000 0.00000 0.00000 0.00000 0.00000
1.53461 1.90133 1.37189 1.38445 1.19550 1.92036 1.24946 1.49836 1.47806 1.54978 1.71892 1.30621 1.16941 1.26604 1.60759 1.37230
0.00000 1.59810 1.23545 0.00000 0.00000 0.00000 0.00000 1.40442 0.00000 1.41459 2.18435 0.00000 1.15904 0.00000 0.00000 1.33562
1.48002 1.59235 1.26184 1.39128 0.00000 1.18992 1.21490 1.45062 0.00000 1.40199 1.91190 0.00000 1.23383 1.16208 1.39761 1.35197
0.00000 1.74029 1.24421 1.25625 0.00000 0.00000 0.00000 1.41108 0.00000 1.41098 1.85160 0.00000 1.17020 0.00000 1.37236 1.34322
0.00000 1.43305 0.00000 0.00000 0.00000 0.00000 0.00000 1.48611 0.00000 1.40162 1.39867 0.00000 0.00000 0.00000 0.00000 1.33946
