1.48946 0.00000 0.00000 1.32291 0.00000 1.36364 1.24482 2.10778 1.52626 0.00000 2.15260 0.00000 0.00000 1.26938 1.80143 1.60753
1.71178 1.42978 1.35751 4.27183 1.23864 1.37687 1.45241 2.32051 1.53616 1.41772 2.61244 1.43778 0.00000 1.63500 2.97704 1.83710
1.58000 0.00000 1.34369 1.63501 0.00000 1.53330 1.27931 1.96900 1.61154 0.00000 2.34658 0.00000 0.00000 1.25543 1.81097 1.50696
0.00000 0.00000 0.00000 1.40416 0.00000 1.53675 0.00000 1.88828 0.00000 0.00000 1.52914 0.00000 0.00000 0.00000 0.00000 1.53664
1.49233 0.00000 1.43846 2.91108 1.25396 1.32838 1.42256 2.47898 1.52540 1.41934 2.93409 1.56994 0.00000 1.41178 2.66876 1.65831
0.00000 0.00000 0.00000 0.00000 0.00000 1.25435 0.00000 1.72196 0.00000 0.00000 1.46573 0.00000 0.00000 0.00000 0.00000 1.48362
0.00000 0.00000 0.00000 1.32663 0.00000 1.36974 1.23886 2.10078 0.00000 0.00000 1.96915 0.00000 0.00000 1.27415 1.45193 1.65666
0.00000 0.00000 0.00000 0.00000 0.00000 0.00000 0.00000 1.45217 0.00000 0.00000 1.41065 0.00000 0.00000 0.00000 0.00000 1.52040
0.00000 0.00000 0.00000 1.32182 0.00000 1.36938 1.24677 2.09778 1.53025 0.00000 2.16047 0.00000 0.00000 1.26920 1.78934 1.60000
1.50300 0.00000 1.39373 2.09386 0.00000 1.39016 1.53909 2.22383 1.58738 1.41730 2.47500 1.37915 0.00000 1.35580 2.06669 1.61785
0.00000 0.00000 0.00000 0.00000 0.00000 0.00000 0.00000 0.00000 0.00000 0.00000 1.40416 0.00000 0.00000 0.00000 0.00000 1.52557
1.49447 0.00000 1.41586 1.91816 0.00000 1.44837 1.48954 2.31277 1.67229 0.00000 2.33753 1.35516 0.00000 1.30507 1.81699 1.50048
1.88237 1.43080 1.48374 3.72676 1.25773 1.41575 1.54982 1.99481 1.50769 1.45378 2.13125 1.63637 1.23990 1.61235 3.19132 1.99574
0.00000 0.00000 0.00000 1.36773 0.00000 1.39702 0.00000 2.46866 0.00000 0.00000 1.86235 0.00000 0.00000 1.23711 1.45726 1.72034
0.00000 0.00000 0.00000 1.42324 0.00000 1.43419 0.00000 1.92614 0.00000 0.00000 1.62917 0.00000 0.00000 0.00000 1.42353 1.53349
0.00000 0.00000 0.00000 0.00000 0.00000 0.00000 0.00000 0.00000 0.00000 0.00000 0.00000 0.00000 0.00000 0.00000 0.00000 1.44703
