1.47986 2.37161 2.60634 1.35915 1.44272 6.12878 2.59387 1.54586 1.71357 1.41425 2.13148 3.92892 1.58871 2.22523 2.41192 1.37425
0.00000 1.42869 1.83380 0.00000 0.00000 1.48721 1.29017 0.00000 0.00000 0.00000 1.50025 1.64763 0.00000 1.87468 0.00000 0.00000
0.00000 0.00000 1.29608 0.00000 0.00000 1.29535 0.00000 0.00000 0.00000 0.00000 0.00000 1.41999 0.00000 1.20720 0.00000 0.00000
0.00000 1.94026 2.28689 1.30454 1.34415 2.93673 2.58888 1.45475 1.58988 0.00000 1.61882 2.80800 1.30572 1.92248 1.91665 0.00000
0.00000 1.77736 2.34602 0.00000 1.23803 1.76858 1.48778 0.00000 0.00000 0.00000 1.57355 1.36976 1.20464 3.90451 0.00000 0.00000
0.00000 0.00000 0.00000 0.00000 0.00000 1.24819 0.00000 0.00000 0.00000 0.00000 0.00000 1.33712 0.00000 0.00000 0.00000 0.00000
0.00000 0.00000 1.52346 0.00000 0.00000 1.42884 1.24128 0.00000 0.00000 0.00000 0.00000 1.35545 0.00000 1.19507 0.00000 0.00000
0.00000 1.62993 2.29220 0.00000 1.31715 2.41061 2.28584 1.45808 0.00000 0.00000 2.04857 2.12524 1.24675 2.19173 1.51196 0.00000
0.00000 2.09700 2.73224 0.00000 1.29211 2.21931 2.60336 1.51268 1.48545 0.00000 2.03454 2.34594 1.22786 1.92055 1.59893 0.00000
0.00000 2.36937 2.60132 1.35379 1.45251 6.13232 2.60831 1.53870 1.71466 1.41466 2.15237 3.92678 1.59182 2.21924 2.39173 1.37582
0.00000 0.00000 1.67470 0.00000 0.00000 1.31379 1.26080 0.00000 0.00000 0.00000 1.35710 1.50100 0.00000 1.30257 0.00000 0.00000
0.00000 0.00000 0.00000 0.00000 0.00000 0.00000 0.00000 0.00000 0.00000 0.00000 0.00000 1.36265 0.00000 0.00000 0.00000 0.00000
0.00000 1.52372 2.05314 0.00000 0.00000 1.42608 1.38560 0.00000 0.00000 0.00000 1.73913 1.38615 1.20352 3.69912 0.00000 0.00000
0.00000 0.00000 0.00000 0.00000 0.00000 1.32162 0.00000 0.00000 0.00000 0.00000 0.00000 1.36725 0.00000 1.19273 0.00000 0.00000
0.00000 1.81388 2.29946 0.00000 1.28167 2.06266 1.45706 0.00000 0.00000 0.00000 1.53859 1.35040 1.34036 3.76496 1.38793 0.00000
0.00000 2.48442 2.61095 1.36186 1.45103 2.74465 3.15574 1.50153 1.52401 0.00000 1.80518 2.44561 1.25582 1.70210 2.38749 1.36217
