1.48568 3.03678 4.05847 6.64327 0.00000 0.00000 2.82371 0.00000 4.83326 4.23045 4.16003 5.73794 0.00000 7.17492 4.29102 3.36575
0.00000 3.02422 3.78776 0.00000 0.00000 0.00000 0.00000 0.00000 0.00000 0.00000 3.89321 0.00000 0.00000 0.00000 0.00000 0.00000
0.00000 0.00000 3.72850 0.00000 0.00000 0.00000 0.00000 0.00000 0.00000 0.00000 4.04323 0.00000 0.00000 0.00000 0.00000 0.00000
0.00000 3.32311 4.11921 5.55720 0.00000 0.00000 3.13302 0.00000 5.35553 4.17878 4.29258 6.29749 0.00000 7.44243 0.00000 3.61724
1.49565 3.03836 3.98848 6.05543 4.36521 0.00000 2.75080 4.89675 4.78374 4.06278 4.26677 5.53303 0.00000 6.78635 4.18960 3.38043
1.49272 3.15703 4.15723 5.49343 4.05204 5.84742 2.72800 4.92681 4.73959 3.94477 4.35282 5.46744 0.00000 6.91320 4.58458 3.37239
0.00000 2.94560 3.72055 0.00000 0.00000 0.00000 3.21395 0.00000 0.00000 0.00000 3.84106 0.00000 0.00000 0.00000 0.00000 0.00000
1.49120 3.05607 4.08716 6.29749 0.00000 0.00000 2.74503 4.90872 4.82339 4.09052 4.14652 5.60614 0.00000 6.91105 4.06097 3.41375
0.00000 3.22965 3.84820 0.00000 0.00000 0.00000 3.05073 0.00000 5.31861 4.17158 4.25310 6.17588 0.00000 6.87928 0.00000 3.84861
0.00000 3.06655 3.74005 0.00000 0.00000 0.00000 3.02439 0.00000 0.00000 4.20253 4.40901 6.08800 0.00000 0.00000 0.00000 3.81605
0.00000 0.00000 0.00000 0.00000 0.00000 0.00000 0.00000 0.00000 0.00000 0.00000 3.92603 0.00000 0.00000 0.00000 0.00000 0.00000
0.00000 3.02531 3.55341 0.00000 0.00000 0.00000 3.02900 0.00000 0.00000 0.00000 4.62753 5.95814 0.00000 0.00000 0.00000 3.73947
1.49630 3.19162 4.49675 5.43729 4.14804 6.16537 2.83417 5.14261 4.75563 3.88519 4.33256 6.06741 5.72423 6.85688 4.66646 3.30271
0.00000 3.13558 3.74351 0.00000 0.00000 0.00000 2.97916 0.00000 0.00000 4.10332 4.14444 6.29839 0.00000 6.82683 0.00000 3.87821
0.00000 3.27765 4.14025 5.63917 0.00000 0.00000 3.20465 0.00000 5.31893 4.24333 4.32753 6.01769 0.00000 7.35572 3.94591 3.76676
0.00000 2.91646 3.78071 0.00000 0.00000 0.00000 3.24246 0.00000 0.00000 0.00000 3.84552 0.00000 0.00000 0.00000 0.00000 3.55315
