1.48568 0.00000 1.74432 0.00000 2.17226 2.36591 1.23788 1.54704 0.00000 0.00000 1.83841 1.42677 1.28046 0.00000 1.64696 1.37457
1.50213 1.47702 1.63263 0.00000 1.67931 3.05319 1.26086 1.56451 0.00000 0.00000 1.83271 1.44367 1.33503 0.00000 1.72320 1.53975
0.00000 0.00000 1.40951 0.00000 0.00000 1.36347 0.00000 0.00000 0.00000 0.00000 1.33939 0.00000 0.00000 0.00000 1.41357 0.00000
1.53439 1.47508 1.96316 1.32524 1.75518 2.10178 2.74172 1.65791 1.61169 1.53706 1.98946 1.43142 1.52002 1.33119 3.33074 1.63307
0.00000 0.00000 1.49440 0.00000 1.40771 1.76416 0.00000 0.00000 0.00000 0.00000 1.42482 0.00000 0.00000 0.00000 1.38507 0.00000
0.00000 0.00000 0.00000 0.00000 0.00000 1.27670 0.00000 0.00000 0.00000 0.00000 0.00000 0.00000 0.00000 0.00000 0.00000 0.00000
0.00000 0.00000 1.73891 0.00000 2.15750 2.40105 1.23689 1.55775 0.00000 0.00000 1.83640 1.43009 1.27056 0.00000 1.66780 1.37511
0.00000 0.00000 1.67258 0.00000 1.70747 1.70979 0.00000 1.47708 0.00000 0.00000 1.56126 1.37574 0.00000 0.00000 1.41889 0.00000
1.56020 1.49533 1.67133 0.00000 1.91190 3.14806 1.23701 1.49948 1.50924 0.00000 1.63677 1.46769 1.40004 0.00000 2.30359 1.49052
1.56640 1.51556 1.89804 0.00000 1.55062 3.11874 1.34735 1.68422 1.59936 1.44871 1.72950 1.38484 1.78600 0.00000 2.45539 1.44860
0.00000 0.00000 0.00000 0.00000 0.00000 1.25767 0.00000 0.00000 0.00000 0.00000 1.35359 0.00000 0.00000 0.00000 0.00000 0.00000
0.00000 0.00000 1.54193 0.00000 1.47702 1.89733 0.00000 0.00000 0.00000 0.00000 1.53709 1.35276 0.00000 0.00000 1.39742 0.00000
0.00000 0.00000 1.84311 0.00000 2.39128 2.60759 0.00000 1.50986 0.00000 0.00000 1.70479 1.45742 1.23861 0.00000 1.65943 1.38629
1.56578 1.48739 2.16143 0.00000 1.73946 2.63488 2.27153 1.54409 1.54487 1.50025 2.06027 1.39931 1.72636 1.30006 3.11964 1.58712
0.00000 0.00000 0.00000 0.00000 0.00000 1.27934 0.00000 0.00000 0.00000 0.00000 1.34275 0.00000 0.00000 0.00000 1.40353 0.00000
0.00000 0.00000 1.86229 0.00000 2.32118 2.02760 0.00000 1.45559 0.00000 0.00000 1.36359 1.39789 0.00000 0.00000 1.56769 1.36923
