1.48863 2.72632 1.55255 2.11702 1.34651 0.00000 1.61931 0.00000 2.83623 2.46780 3.00950 2.73373 1.20405 1.25429 0.00000 1.36612
0.00000 1.43303 0.00000 0.00000 0.00000 0.00000 0.00000 0.00000 1.53453 0.00000 0.00000 1.40602 0.00000 0.00000 0.00000 0.00000
0.00000 1.47093 1.27652 0.00000 0.00000 0.00000 0.00000 0.00000 1.55990 0.00000 0.00000 1.41450 0.00000 0.00000 0.00000 0.00000
0.00000 1.59421 1.28260 1.28354 0.00000 0.00000 1.33014 0.00000 1.88999 0.00000 0.00000 1.58253 0.00000 0.00000 0.00000 0.00000
0.00000 2.46052 1.37483 1.61730 1.22802 0.00000 1.78238 0.00000 2.55910 1.45514 1.54954 1.74570 0.00000 1.19816 0.00000 0.00000
2.40165 2.28461 1.43616 3.94990 1.58266 1.22477 2.93916 0.00000 3.58249 8.17479 4.65040 1.73591 1.39536 1.41053 1.47737 1.55748
0.00000 1.77673 1.28368 0.00000 0.00000 0.00000 1.26522 0.00000 1.80718 0.00000 0.00000 1.51770 0.00000 0.00000 0.00000 0.00000
2.80128 4.76153 1.85393 3.08682 1.77513 1.27625 4.56484 1.41073 3.87347 9.81292 3.32554 2.68044 1.28757 1.25890 1.47161 1.83218
0.00000 0.00000 0.00000 0.00000 0.00000 0.00000 0.00000 0.00000 1.49428 0.00000 0.00000 0.00000 0.00000 0.00000 0.00000 0.00000
0.00000 1.68322 1.31705 1.57100 0.00000 0.00000 1.27073 0.00000 2.44071 1.40717 1.47013 2.68076 0.00000 1.28315 0.00000 0.00000
0.00000 1.68214 1.30202 1.40611 0.00000 0.00000 1.26804 0.00000 1.99352 0.00000 1.32573 1.56843 0.00000 1.24623 0.00000 0.00000
0.00000 0.00000 0.00000 0.00000 0.00000 0.00000 0.00000 0.00000 1.48044 0.00000 0.00000 1.31935 0.00000 0.00000 0.00000 0.00000
0.00000 2.66576 1.54329 2.08776 1.34202 0.00000 1.63713 0.00000 2.84382 2.50432 2.96550 2.79031 1.20483 1.24994 0.00000 1.36607
0.00000 1.76196 1.31392 1.33237 0.00000 0.00000 1.29548 0.00000 2.01548 0.00000 0.00000 1.66865 0.00000 1.20763 0.00000 0.00000
1.55607 2.24825 1.35776 2.51757 1.36241 0.00000 1.45773 0.00000 2.95343 3.33387 3.70691 2.10364 1.20273 1.39311 1.40214 1.48961
0.00000 2.44942 1.73847 2.12945 1.27385 0.00000 1.49023 0.00000 2.38240 1.50101 1.60586 1.52875 0.00000 1.30802 0.00000 1.37700
