1.48211 1.97077 1.53601 2.27370 1.93272 3.28617 1.83470 2.63593 3.48986 1.50844 1.78880 2.22697 2.21181 2.56940 2.94108 1.91650
0.00000 1.82344 1.68053 2.26167 0.00000 2.78767 2.03772 2.61681 3.07412 1.43283 1.88297 2.25300 2.36295 1.87152 2.46075 1.87968
0.00000 0.00000 1.50771 1.90007 0.00000 2.13125 0.00000 0.00000 1.78013 1.41524 2.29434 0.00000 0.00000 0.00000 1.78575 0.00000
0.00000 0.00000 0.00000 1.87656 0.00000 1.95611 0.00000 0.00000 0.00000 0.00000 0.00000 0.00000 0.00000 0.00000 1.67289 0.00000
0.00000 2.02026 1.54648 2.25819 1.95153 3.28485 1.83216 2.58707 3.44047 1.50365 1.79432 2.24169 2.18805 2.50484 2.87423 1.91404
0.00000 0.00000 0.00000 0.00000 0.00000 1.82351 0.00000 0.00000 0.00000 0.00000 0.00000 0.00000 0.00000 0.00000 1.62965 0.00000
0.00000 0.00000 1.74544 1.58193 0.00000 2.20692 1.84364 2.04975 2.38982 1.61324 2.03987 0.00000 0.00000 1.58860 1.97312 2.01723
0.00000 0.00000 1.68196 1.68636 0.00000 2.37744 0.00000 2.02030 2.16101 1.42328 1.98845 0.00000 0.00000 0.00000 2.39734 1.62572
0.00000 0.00000 0.00000 1.86058 0.00000 1.86818 0.00000 0.00000 1.56408 1.51978 0.00000 0.00000 0.00000 0.00000 1.68382 0.00000
0.00000 0.00000 0.00000 1.85376 0.00000 1.76546 0.00000 0.00000 0.00000 1.48142 0.00000 0.00000 0.00000 0.00000 1.67487 0.00000
0.00000 0.00000 0.00000 2.02227 0.00000 1.94325 0.00000 0.00000 1.75540 1.49341 2.35698 0.00000 0.00000 0.00000 1.72548 0.00000
0.00000 0.00000 1.74094 1.83667 0.00000 2.44413 1.94159 2.33896 2.47467 1.42884 1.83259 2.11775 0.00000 1.91896 2.35475 2.09725
0.00000 0.00000 1.85811 1.64241 0.00000 2.58097 1.85913 2.33251 2.88436 1.42770 1.87967 2.51329 1.67040 1.93831 2.49027 1.84962
0.00000 0.00000 1.81686 1.62835 0.00000 2.54502 0.00000 2.08646 2.00197 1.42853 1.93185 0.00000 0.00000 1.54051 2.40741 1.98636
0.00000 0.00000 0.00000 0.00000 0.00000 0.00000 0.00000 0.00000 0.00000 0.00000 0.00000 0.00000 0.00000 0.00000 1.66462 0.00000
0.00000 0.00000 1.58041 2.01438 0.00000 1.96575 0.00000 0.00000 1.90115 1.41593 2.06704 0.00000 0.00000 0.00000 1.94461 1.68986
