1.47689 0.00000 3.75329 3.89693 4.06851 0.00000 3.12814 0.00000 3.16951 4.21310 0.00000 0.00000 3.15669 0.00000 0.00000 3.58839
1.48444 3.49535 3.83164 3.90320 3.76381 0.00000 3.69673 0.00000 3.23628 4.46208 0.00000 0.00000 3.25557 0.00000 0.00000 3.36120
0.00000 0.00000 3.93575 4.09919 4.33791 0.00000 2.80437 0.00000 3.26905 4.40982 0.00000 0.00000 3.23001 0.00000 0.00000 3.58038
0.00000 0.00000 0.00000 4.30894 0.00000 0.00000 0.00000 0.00000 3.30876 4.34969 0.00000 0.00000 0.00000 0.00000 0.00000 3.59095
0.00000 0.00000 0.00000 4.26141 4.17778 0.00000 0.00000 0.00000 3.37966 4.55349 0.00000 0.00000 0.00000 0.00000 0.00000 3.33335
1.48741 3.50133 4.08602 3.85858 3.97411 4.41689 3.46779 0.00000 3.37511 4.19858 0.00000 0.00000 3.23405 0.00000 0.00000 3.27394
0.00000 0.00000 0.00000 4.16971 4.24963 0.00000 2.66647 0.00000 3.38520 4.51835 0.00000 0.00000 0.00000 0.00000 0.00000 3.35435
1.49233 3.33959 3.60703 3.88061 3.90438 4.81155 3.57168 5.37116 3.24030 3.91972 4.46795 3.67520 3.48799 0.00000 3.80671 3.24553
0.00000 0.00000 0.00000 0.00000 0.00000 0.00000 0.00000 0.00000 3.33767 0.00000 0.00000 0.00000 0.00000 0.00000 0.00000 0.00000
0.00000 0.00000 0.00000 0.00000 0.00000 0.00000 0.00000 0.00000 3.25356 4.04940 0.00000 0.00000 0.00000 0.00000 0.00000 0.00000
1.48038 3.55746 4.11958 3.90568 4.24427 4.68840 3.47375 0.00000 2.85689 4.03838 4.48512 0.00000 3.52772 0.00000 3.40947 3.18783
1.47942 3.59361 4.12549 3.91117 4.39429 4.55873 3.34923 0.00000 2.92651 4.05149 4.35438 3.50622 3.41529 0.00000 3.36958 3.09727
0.00000 0.00000 0.00000 4.15066 4.30966 0.00000 2.61240 0.00000 3.34915 4.54285 0.00000 0.00000 3.24701 0.00000 0.00000 3.43241
1.49494 3.18357 3.56931 3.97190 3.92670 4.44111 3.13539 5.30884 3.19142 3.81345 4.93590 3.82408 3.41085 4.17990 3.78368 3.20603
1.47907 3.52424 3.98318 3.90142 4.45016 4.51115 3.46779 0.00000 2.92813 4.05053 0.00000 0.00000 3.54179 0.00000 2.98966 3.25388
0.00000 0.00000 0.00000 0.00000 0.00000 0.00000 0.00000 0.00000 3.38287 4.35824 0.00000 0.00000 0.00000 0.00000 0.00000 3.73852
