1.47717 0.00000 1.23743 1.84011 1.52809 1.64499 1.45755 1.87659 1.51488 1.56518 0.00000 2.82217 1.22657 0.00000 0.00000 0.00000
1.53249 1.40076 1.30427 1.47995 1.70566 2.16314 1.28967 1.66878 1.70876 1.78019 0.00000 2.47684 1.17482 0.00000 0.00000 0.00000
0.00000 0.00000 1.23926 1.85353 1.53949 1.65196 1.45082 1.87818 1.51647 1.56729 0.00000 2.83128 1.22557 0.00000 0.00000 0.00000
0.00000 0.00000 0.00000 1.24219 0.00000 0.00000 0.00000 0.00000 0.00000 0.00000 0.00000 1.35271 0.00000 0.00000 0.00000 0.00000
0.00000 0.00000 0.00000 2.13618 1.18570 1.26392 0.00000 1.41544 0.00000 0.00000 0.00000 2.56017 0.00000 0.00000 0.00000 0.00000
0.00000 0.00000 0.00000 1.34815 0.00000 1.18111 0.00000 0.00000 0.00000 0.00000 0.00000 1.56669 0.00000 0.00000 0.00000 0.00000
0.00000 0.00000 0.00000 1.93750 1.37405 1.43581 1.20175 1.53764 1.51681 1.51013 0.00000 2.37670 0.00000 0.00000 0.00000 0.00000
0.00000 0.00000 0.00000 1.64624 0.00000 1.20616 0.00000 1.37338 0.00000 0.00000 0.00000 1.71596 0.00000 0.00000 0.00000 0.00000
0.00000 0.00000 0.00000 2.16557 1.18430 1.37838 0.00000 1.41686 1.46546 0.00000 0.00000 3.29259 0.00000 0.00000 0.00000 0.00000
0.00000 0.00000 0.00000 2.49853 1.25075 1.34388 0.00000 1.39211 1.48187 1.40008 0.00000 2.67628 0.00000 0.00000 0.00000 0.00000
1.54422 1.55066 1.53688 1.29267 2.61329 2.39756 1.52129 1.95807 1.61509 2.65331 1.31239 2.60052 1.54700 0.00000 0.00000 1.50794
0.00000 0.00000 0.00000 0.00000 0.00000 0.00000 0.00000 0.00000 0.00000 0.00000 0.00000 1.28753 0.00000 0.00000 0.00000 0.00000
0.00000 0.00000 0.00000 1.85420 1.56587 1.41844 1.20826 1.71254 1.63276 1.84026 0.00000 3.27017 1.15646 0.00000 0.00000 0.00000
1.67386 1.56663 1.70592 1.25799 2.04395 2.27789 1.66286 1.68161 1.71755 2.11662 1.45767 2.19927 1.64163 1.16765 0.00000 1.68399
1.62205 1.64910 1.74408 1.26674 2.11931 2.29590 1.63831 1.61081 1.79213 1.93598 1.39798 2.09856 1.86106 1.23059 1.37398 2.00709
1.50553 1.40583 1.41111 1.43470 1.74926 1.93655 1.24630 1.49148 1.66987 1.74552 0.00000 3.47133 1.18159 0.00000 0.00000 1.31604
