1.47297 1.52147 0.00000 1.60364 0.00000 0.00000 1.36599 0.00000 0.00000 0.00000 1.43286 1.49502 1.58636 1.24148 0.00000 0.00000
0.00000 1.52322 0.00000 0.00000 0.00000 0.00000 1.26942 0.00000 0.00000 0.00000 0.00000 1.36657 0.00000 0.00000 0.00000 0.00000
1.52833 1.56997 1.46176 2.00162 0.00000 0.00000 4.02067 2.10660 1.61494 0.00000 1.66559 1.73765 3.08067 1.21200 0.00000 0.00000
0.00000 1.58154 0.00000 1.36127 0.00000 0.00000 1.31199 0.00000 0.00000 0.00000 0.00000 1.33719 1.47224 1.26284 0.00000 0.00000
2.07945 1.52663 1.54449 2.21300 1.33301 0.00000 4.98957 2.45396 1.61151 0.00000 1.67155 1.78894 2.63984 1.26315 0.00000 0.00000
2.03855 1.54838 1.51273 2.60882 1.38718 1.26966 5.02908 2.32221 1.57771 0.00000 1.63903 1.72242 2.89139 1.34161 0.00000 0.00000
0.00000 0.00000 0.00000 0.00000 0.00000 0.00000 1.25096 0.00000 0.00000 0.00000 0.00000 1.45812 0.00000 0.00000 0.00000 0.00000
1.69003 1.50041 0.00000 1.69424 0.00000 0.00000 1.55072 1.82564 0.00000 0.00000 1.51136 1.49437 1.98796 1.44395 0.00000 0.00000
1.64231 1.47346 0.00000 2.00972 0.00000 0.00000 2.16582 2.09317 1.58902 0.00000 1.55778 1.75823 2.29435 1.21920 0.00000 0.00000
2.34619 1.51832 1.47481 2.90756 1.44137 1.28403 2.22392 2.57632 1.56891 1.50156 2.34959 3.99817 3.57712 3.13799 1.43330 0.00000
0.00000 1.53113 0.00000 1.60656 0.00000 0.00000 1.37151 0.00000 0.00000 0.00000 1.42772 1.47621 1.60681 1.23616 0.00000 0.00000
0.00000 0.00000 0.00000 0.00000 0.00000 0.00000 0.00000 0.00000 0.00000 0.00000 0.00000 1.38773 0.00000 0.00000 0.00000 0.00000
0.00000 1.56647 0.00000 0.00000 0.00000 0.00000 1.37798 0.00000 0.00000 0.00000 0.00000 1.33531 1.27311 1.23595 0.00000 0.00000
0.00000 1.53720 0.00000 0.00000 0.00000 0.00000 1.29067 0.00000 0.00000 0.00000 0.00000 1.33168 0.00000 1.31320 0.00000 0.00000
2.32346 1.54035 1.57754 3.02830 1.38991 1.37490 3.71628 2.42497 1.56603 0.00000 1.79243 2.38478 2.54805 1.65816 1.50509 0.00000
2.49371 1.58266 1.59632 4.24309 1.45485 1.25048 2.14809 2.53550 1.82990 1.67833 2.21192 3.10210 4.02249 2.68281 1.65943 1.46218
