1.47459 1.41379 1.24895 0.00000 1.27730 1.23905 0.00000 1.52539 1.50681 1.68183 1.33816 1.37790 1.18113 0.00000 0.00000 1.53420
0.00000 1.40488 0.00000 0.00000 1.28302 1.19710 0.00000 1.42050 1.51886 1.64837 1.34539 1.39847 1.18244 0.00000 0.00000 1.48718
0.00000 1.42084 1.25456 0.00000 1.29150 1.23941 0.00000 1.52664 1.52122 1.64844 1.33509 1.40030 1.17544 0.00000 0.00000 1.55633
1.63541 1.43783 1.30411 1.26816 1.28230 1.51139 1.25547 1.69412 1.55638 1.86833 1.35505 1.47378 1.18512 1.22033 1.41990 1.52567
0.00000 0.00000 0.00000 0.00000 1.25031 1.19747 0.00000 1.46774 1.51834 1.57800 1.36184 1.40633 1.17526 0.00000 0.00000 1.45681
0.00000 0.00000 0.00000 0.00000 0.00000 1.18035 0.00000 1.40819 1.47431 1.43491 0.00000 0.00000 0.00000 0.00000 0.00000 0.00000
1.50584 1.45270 1.24447 0.00000 1.29405 1.27550 1.20730 1.65838 1.49669 1.64284 1.35975 1.42004 1.17666 0.00000 0.00000 1.54931
0.00000 0.00000 0.00000 0.00000 0.00000 0.00000 0.00000 1.38839 0.00000 0.00000 0.00000 0.00000 0.00000 0.00000 0.00000 0.00000
0.00000 0.00000 0.00000 0.00000 0.00000 0.00000 0.00000 1.39460 1.47607 1.40258 0.00000 0.00000 0.00000 0.00000 0.00000 0.00000
0.00000 0.00000 0.00000 0.00000 0.00000 0.00000 0.00000 1.39110 0.00000 1.39458 0.00000 0.00000 0.00000 0.00000 0.00000 0.00000
0.00000 0.00000 0.00000 0.00000 0.00000 1.22008 0.00000 1.49431 1.53033 1.48382 1.30974 1.31253 0.00000 0.00000 0.00000 1.34972
0.00000 0.00000 0.00000 0.00000 0.00000 1.20983 0.00000 1.45620 1.46959 1.39595 0.00000 1.31372 0.00000 0.00000 0.00000 0.00000
0.00000 0.00000 0.00000 0.00000 0.00000 1.19351 0.00000 1.50366 1.50953 1.44360 1.32007 1.33639 1.16541 0.00000 0.00000 1.38699
1.56146 1.41502 1.26059 0.00000 1.27115 1.42452 1.21694 1.55273 1.54729 1.95206 1.34819 1.44617 1.19953 1.16863 1.41615 1.45926
1.57130 1.44078 1.25765 0.00000 1.26265 1.37512 1.20560 1.70986 1.51304 1.65292 1.34598 1.45505 1.17293 0.00000 1.40528 1.54731
0.00000 0.00000 0.00000 0.00000 0.00000 1.22837 0.00000 1.54460 1.47134 1.43513 0.00000 1.32928 0.00000 0.00000 0.00000 1.32026
