1.46486 1.55851 1.29310 1.28509 1.44537 1.21264 1.21143 1.43830 0.00000 1.99790 1.48623 1.46362 1.21830 1.37583 1.37698 1.48513
0.00000 1.43333 1.25935 1.26924 1.51162 0.00000 1.20365 0.00000 0.00000 1.71418 1.37804 1.32508 1.23057 1.43162 0.00000 1.42612
0.00000 0.00000 1.23644 1.29148 1.21026 0.00000 0.00000 0.00000 0.00000 1.55677 1.36420 1.38839 1.23776 1.39222 0.00000 1.42793
0.00000 0.00000 0.00000 1.25209 0.00000 0.00000 0.00000 0.00000 0.00000 0.00000 0.00000 1.29116 1.29381 1.33829 0.00000 1.35473
0.00000 0.00000 0.00000 1.34613 1.19975 0.00000 0.00000 0.00000 0.00000 1.41811 1.35729 1.30365 1.22750 1.28459 0.00000 1.43493
0.00000 1.48950 1.29437 1.25427 1.49368 1.16936 1.24621 0.00000 0.00000 1.68537 1.35105 1.34357 1.24088 1.40438 0.00000 1.51897
0.00000 0.00000 1.29491 1.27014 1.38066 0.00000 1.20617 0.00000 0.00000 1.52337 1.39497 1.45768 1.21574 1.43878 0.00000 1.38878
0.00000 1.45572 1.32564 1.29431 1.41634 1.19857 1.22161 1.38968 0.00000 1.70755 1.49065 1.47657 1.32527 1.37868 0.00000 1.55233
1.50960 1.50033 1.26106 1.38713 1.49487 1.18023 1.22300 1.41694 1.46999 1.88085 1.47758 1.49095 1.20293 1.28545 1.39770 1.58667
0.00000 0.00000 0.00000 1.29467 0.00000 0.00000 0.00000 0.00000 0.00000 1.39151 1.36599 1.33067 1.23080 1.40151 0.00000 1.41163
0.00000 0.00000 0.00000 1.28599 0.00000 0.00000 0.00000 0.00000 0.00000 0.00000 1.29340 1.34552 1.31620 1.33000 0.00000 1.36685
0.00000 0.00000 0.00000 0.00000 0.00000 0.00000 0.00000 0.00000 0.00000 0.00000 0.00000 1.28735 1.21084 1.26202 0.00000 0.00000
0.00000 0.00000 0.00000 0.00000 0.00000 0.00000 0.00000 0.00000 0.00000 0.00000 0.00000 0.00000 1.18778 1.19372 0.00000 0.00000
0.00000 0.00000 0.00000 0.00000 0.00000 0.00000 0.00000 0.00000 0.00000 0.00000 0.00000 0.00000 0.00000 1.19666 0.00000 0.00000
0.00000 1.54328 1.28896 1.26973 1.44773 1.19662 1.20920 1.44818 0.00000 1.91599 1.48785 1.46918 1.22558 1.36629 1.37574 1.52768
0.00000 0.00000 0.00000 0.00000 0.00000 0.00000 0.00000 0.00000 0.00000 0.00000 0.00000 1.31959 1.27136 1.32399 0.00000 1.35066
