1.46313 1.59107 1.25169 1.26251 1.27753 1.43313 1.25699 1.39340 1.55789 1.95402 1.30751 1.40865 1.18043 2.65908 0.00000 1.69100
0.00000 1.40428 0.00000 0.00000 0.00000 0.00000 0.00000 0.00000 0.00000 1.47564 0.00000 0.00000 0.00000 0.00000 0.00000 1.33113
0.00000 1.55778 1.25830 1.26660 1.30193 1.40738 1.26770 1.39435 1.55966 1.94079 1.30423 1.42415 1.17726 2.66815 0.00000 1.71163
0.00000 1.53819 0.00000 1.24786 0.00000 1.22912 0.00000 0.00000 1.46363 1.59330 0.00000 0.00000 0.00000 1.24675 0.00000 1.35498
0.00000 1.72888 0.00000 1.25758 1.25172 1.30556 0.00000 0.00000 1.48545 1.81339 0.00000 1.28979 0.00000 1.46152 0.00000 1.40244
0.00000 1.43929 0.00000 0.00000 0.00000 1.18130 0.00000 0.00000 1.45601 1.67390 0.00000 0.00000 0.00000 1.19143 0.00000 1.32798
0.00000 1.66833 0.00000 1.26640 1.28328 1.48190 1.20946 1.39674 1.54027 2.05561 1.30868 1.40056 1.16043 2.27423 0.00000 1.61385
0.00000 1.93596 0.00000 1.30541 1.27327 1.44256 0.00000 1.38264 1.49918 2.02444 0.00000 1.32302 0.00000 1.54084 0.00000 1.44685
0.00000 1.43541 0.00000 0.00000 0.00000 0.00000 0.00000 0.00000 1.47027 1.51108 0.00000 0.00000 0.00000 0.00000 0.00000 1.33334
0.00000 0.00000 0.00000 0.00000 0.00000 0.00000 0.00000 0.00000 0.00000 1.39545 0.00000 0.00000 0.00000 0.00000 0.00000 0.00000
0.00000 1.85342 0.00000 1.27281 1.30393 1.28499 0.00000 1.41410 1.56074 2.10675 1.30107 1.35283 1.16460 2.10941 0.00000 1.58174
0.00000 1.57385 0.00000 1.24902 0.00000 1.25617 0.00000 0.00000 1.48434 1.67106 0.00000 1.29158 0.00000 1.32762 0.00000 1.34407
0.00000 1.94291 0.00000 1.28237 1.27517 1.36101 0.00000 1.38515 1.61670 1.91575 0.00000 1.31847 1.16542 2.03891 0.00000 1.55410
0.00000 1.41195 0.00000 0.00000 0.00000 0.00000 0.00000 0.00000 1.45729 1.81577 0.00000 0.00000 0.00000 1.18470 0.00000 1.33189
1.49176 1.64264 1.25410 1.29560 1.28576 1.62320 1.24025 1.41888 1.50814 2.16810 1.30012 1.44701 1.18188 2.53795 1.40338 1.68701
0.00000 0.00000 0.00000 0.00000 0.00000 0.00000 0.00000 0.00000 0.00000 1.42132 0.00000 0.00000 0.00000 0.00000 0.00000 1.32449
