1.48853 4.79800 0.00000 0.00000 0.00000 0.00000 0.00000 5.04843 0.00000 0.00000 0.00000 5.51468 3.46005 0.00000 0.00000 0.00000
0.00000 4.66040 0.00000 0.00000 0.00000 0.00000 0.00000 0.00000 0.00000 0.00000 0.00000 0.00000 0.00000 0.00000 0.00000 0.00000
1.50474 4.29938 3.48058 0.00000 7.12046 5.95100 2.95723 4.70472 4.91388 3.84589 5.90716 4.98603 3.60670 5.26855 4.71405 6.06263
1.53460 4.44722 3.55619 7.22264 7.14903 6.13669 2.95891 5.11944 4.97903 3.82061 5.96904 5.08751 3.66197 5.45683 4.65394 6.35568
1.49332 4.55926 0.00000 0.00000 6.52416 0.00000 0.00000 4.70134 0.00000 0.00000 0.00000 5.56358 3.63853 0.00000 0.00000 0.00000
1.50758 4.29089 0.00000 0.00000 7.00958 5.91297 2.98990 4.72030 4.90872 3.88377 5.98684 5.02022 3.67431 5.25791 4.75435 6.06788
1.48990 4.57576 0.00000 0.00000 6.49982 0.00000 3.09945 4.55064 0.00000 3.89647 0.00000 5.38968 3.62589 4.93592 0.00000 0.00000
0.00000 4.63030 0.00000 0.00000 0.00000 0.00000 0.00000 5.06859 0.00000 0.00000 0.00000 0.00000 0.00000 0.00000 0.00000 0.00000
1.49045 4.58233 0.00000 0.00000 6.53041 0.00000 3.08071 4.57480 4.82754 3.93013 0.00000 5.34312 3.61242 4.93018 0.00000 0.00000
1.49232 4.65270 0.00000 0.00000 6.55810 0.00000 0.00000 4.59352 0.00000 3.88461 0.00000 5.43907 3.61490 4.94875 0.00000 0.00000
1.49740 4.45875 0.00000 0.00000 7.01226 0.00000 3.02910 4.74193 5.08814 3.81151 6.02350 5.26052 3.69636 5.15332 0.00000 5.97431
0.00000 4.73785 0.00000 0.00000 0.00000 0.00000 0.00000 4.94507 0.00000 0.00000 0.00000 5.35982 3.60538 0.00000 0.00000 0.00000
0.00000 4.66479 0.00000 0.00000 0.00000 0.00000 0.00000 5.01177 0.00000 0.00000 0.00000 0.00000 3.69797 0.00000 0.00000 0.00000
1.49310 4.56826 0.00000 0.00000 6.56323 0.00000 0.00000 4.66149 0.00000 0.00000 0.00000 5.50313 3.72041 4.79669 0.00000 0.00000
1.49912 4.45983 0.00000 0.00000 7.00720 0.00000 2.98966 4.68933 5.11830 3.76083 5.94171 5.10008 3.53574 5.37119 4.62600 6.32263
1.49102 4.68508 0.00000 0.00000 6.79042 0.00000 3.09274 4.75056 4.95531 3.95606 0.00000 5.09663 3.58729 4.82126 0.00000 5.11355
