1.49444 0.00000 0.00000 0.00000 0.00000 0.00000 0.00000 0.00000 0.00000 0.00000 0.00000 0.00000 0.00000 0.00000 0.00000 0.00000
1.49008 1.74746 0.00000 0.00000 0.00000 0.00000 0.00000 0.00000 0.00000 0.00000 0.00000 0.00000 0.00000 0.00000 0.00000 0.00000
1.49653 1.79178 1.51133 0.00000 0.00000 0.00000 0.00000 0.00000 0.00000 0.00000 0.00000 0.00000 0.00000 0.00000 0.00000 0.00000
1.49760 1.69532 1.49245 1.42122 0.00000 0.00000 0.00000 0.00000 0.00000 0.00000 0.00000 0.00000 0.00000 0.00000 0.00000 0.00000
1.53454 2.14052 1.53108 1.53841 1.53317 0.00000 0.00000 0.00000 0.00000 0.00000 0.00000 0.00000 0.00000 0.00000 0.00000 0.00000
1.52495 1.98117 1.47884 1.78778 1.47467 1.36610 0.00000 0.00000 0.00000 0.00000 0.00000 0.00000 0.00000 0.00000 0.00000 0.00000
1.50651 2.08438 1.49479 2.23007 1.43745 1.36936 1.44795 0.00000 0.00000 0.00000 0.00000 0.00000 0.00000 0.00000 0.00000 0.00000
1.56898 1.97074 1.43038 2.39416 1.42369 1.52897 1.47196 1.53643 0.00000 0.00000 0.00000 0.00000 0.00000 0.00000 0.00000 0.00000
1.54563 2.13240 1.45260 2.22218 1.42361 1.53564 1.47622 1.54170 1.79190 0.00000 0.00000 0.00000 0.00000 0.00000 0.00000 0.00000
1.57694 2.29142 1.45015 2.57089 1.52258 1.50200 1.52302 1.71291 1.84554 1.63025 0.00000 0.00000 0.00000 0.00000 0.00000 0.00000
1.55240 2.41626 1.45309 2.12679 1.43491 1.44711 1.49410 1.85446 1.94226 1.72829 1.41136 0.00000 0.00000 0.00000 0.00000 0.00000
1.54707 2.37448 1.49200 1.80688 1.45901 1.49000 1.52388 1.68474 1.79051 2.04088 1.45082 1.48470 0.00000 0.00000 0.00000 0.00000
1.55781 2.85546 1.58405 1.83671 1.46352 1.42460 1.52032 1.75637 1.91610 2.11534 1.49474 1.62167 1.30721 0.00000 0.00000 0.00000
1.60225 2.98199 1.63444 1.77234 1.43724 1.40840 1.52262 1.69968 1.95226 2.08830 1.53539 1.54883 1.30650 1.47785 0.00000 0.00000
1.64037 3.22731 1.63804 1.80720 1.48280 1.38980 1.57024 1.85611 1.84916 2.19098 1.57064 1.50185 1.31482 1.45931 1.62078 0.00000
1.81748 3.28748 1.80496 1.88738 1.63882 1.40508 1.51449 2.00247 1.74462 2.22506 1.72444 1.51571 1.33988 1.47931 1.63309 1.48514
