1.53379 0.00000 0.00000 0.00000 0.00000 0.00000 0.00000 0.00000 0.00000 0.00000 0.00000 0.00000 0.00000 0.00000 0.00000 0.00000
1.53741 1.92483 0.00000 0.00000 0.00000 0.00000 0.00000 0.00000 0.00000 0.00000 0.00000 0.00000 0.00000 0.00000 0.00000 0.00000
1.54891 1.91229 1.64815 0.00000 0.00000 0.00000 0.00000 0.00000 0.00000 0.00000 0.00000 0.00000 0.00000 0.00000 0.00000 0.00000
1.56199 1.84639 1.63591 2.10959 0.00000 0.00000 0.00000 0.00000 0.00000 0.00000 0.00000 0.00000 0.00000 0.00000 0.00000 0.00000
1.61840 1.95893 1.77178 2.31050 1.41113 0.00000 0.00000 0.00000 0.00000 0.00000 0.00000 0.00000 0.00000 0.00000 0.00000 0.00000
1.60663 2.05375 1.81185 2.16755 1.40905 1.61423 0.00000 0.00000 0.00000 0.00000 0.00000 0.00000 0.00000 0.00000 0.00000 0.00000
1.69754 2.25194 1.81393 2.28591 1.40238 1.73435 1.52575 0.00000 0.00000 0.00000 0.00000 0.00000 0.00000 0.00000 0.00000 0.00000
1.78490 2.30437 1.71062 2.21522 1.39393 2.09281 1.53272 1.62353 0.00000 0.00000 0.00000 0.00000 0.00000 0.00000 0.00000 0.00000
1.78948 2.37179 1.73061 2.26667 1.39163 2.19660 1.54643 1.62507 1.93176 0.00000 0.00000 0.00000 0.00000 0.00000 0.00000 0.00000
1.84700 2.19452 1.99594 2.46163 1.47312 2.11298 1.49662 1.62528 2.17706 1.65652 0.00000 0.00000 0.00000 0.00000 0.00000 0.00000
1.89438 2.27173 1.88000 2.45818 1.54607 2.11608 1.46240 1.58871 2.20638 1.67820 1.65081 0.00000 0.00000 0.00000 0.00000 0.00000
1.73544 2.11693 1.89473 2.47701 1.83238 2.31176 1.51660 1.61403 2.31262 1.63560 1.68682 1.53796 0.00000 0.00000 0.00000 0.00000
1.89668 2.15748 1.87370 2.43588 1.67728 2.15138 1.63043 1.64426 2.45360 1.61495 1.63137 1.61072 1.44267 0.00000 0.00000 0.00000
1.98310 2.00376 1.95164 2.47705 1.62121 2.18458 1.63238 1.73557 2.28620 1.61623 1.62000 1.57647 1.43050 1.34936 0.00000 0.00000
2.03865 2.17982 2.11042 2.55678 1.73385 2.14484 1.74060 1.63929 2.12732 1.62024 1.58822 1.56947 1.45644 1.37584 1.79304 0.00000
1.90222 2.18666 2.04491 2.49286 1.50875 2.01625 1.90872 1.61132 2.46933 1.68224 1.80441 1.64128 1.43762 1.34358 1.76110 1.96938
