1.47073 0.00000 1.25186 0.00000 1.42290 1.25501 0.00000 2.16600 2.03656 0.00000 1.83032 0.00000 0.00000 1.17980 3.67353 1.34321
1.59850 1.40900 1.80076 1.41439 1.73478 1.24247 1.23166 3.18897 6.35048 0.00000 1.41135 1.93848 0.00000 2.46486 2.01157 6.55497
0.00000 0.00000 1.25309 0.00000 1.26459 1.24052 0.00000 1.64952 1.68442 0.00000 1.80354 0.00000 0.00000 0.00000 3.06477 1.68547
1.47759 0.00000 1.53148 1.24961 1.84859 1.33960 0.00000 4.65715 3.04450 0.00000 1.47148 0.00000 0.00000 1.36129 4.74388 1.79174
0.00000 0.00000 0.00000 0.00000 1.21544 1.71166 0.00000 1.45792 1.52488 0.00000 1.46390 0.00000 0.00000 0.00000 2.14454 1.47843
0.00000 0.00000 0.00000 0.00000 0.00000 1.19611 0.00000 1.39541 1.64966 0.00000 0.00000 0.00000 0.00000 0.00000 0.00000 0.00000
1.59298 0.00000 1.56126 1.34990 1.94052 1.32210 1.21630 3.76671 5.64570 0.00000 1.58369 1.82627 0.00000 2.57704 2.06176 7.46058
0.00000 0.00000 0.00000 0.00000 0.00000 0.00000 0.00000 1.38567 1.50992 0.00000 0.00000 0.00000 0.00000 0.00000 0.00000 0.00000
0.00000 0.00000 0.00000 0.00000 0.00000 0.00000 0.00000 0.00000 1.48227 0.00000 0.00000 0.00000 0.00000 0.00000 0.00000 0.00000
3.02361 1.67163 1.85712 1.37603 1.86025 2.02808 1.22669 6.61201 7.20396 1.39411 3.03685 4.15394 1.28681 2.46838 2.65260 3.97460
0.00000 0.00000 0.00000 0.00000 0.00000 1.32674 0.00000 1.67705 1.95219 0.00000 1.31717 0.00000 0.00000 0.00000 0.00000 0.00000
1.47622 0.00000 1.38220 1.41965 3.86629 1.83154 0.00000 3.00345 5.06840 0.00000 1.63059 1.29755 0.00000 1.20277 2.90558 4.12928
1.49729 1.44995 1.70082 1.34217 1.91696 1.54102 1.24929 3.65069 6.89480 0.00000 1.69976 1.75155 1.17051 2.24556 2.10157 14.45862
0.00000 0.00000 1.25196 0.00000 1.42192 1.25441 0.00000 2.14786 2.03859 0.00000 1.83541 0.00000 0.00000 1.17986 3.68759 1.34349
0.00000 0.00000 0.00000 0.00000 0.00000 1.25325 0.00000 1.42697 3.37797 0.00000 1.89225 0.00000 0.00000 0.00000 1.39382 0.00000
0.00000 0.00000 0.00000 0.00000 0.00000 1.33763 0.00000 1.41502 2.29177 0.00000 1.88017 0.00000 0.00000 0.00000 1.52404 1.31961
