1.45727 1.80238 1.25076 1.42143 1.23536 1.49492 1.23313 1.44498 1.49002 1.91595 1.30624 1.34619 1.48973 1.19511 0.00000 1.36534
0.00000 1.42085 0.00000 0.00000 0.00000 0.00000 0.00000 0.00000 0.00000 1.41025 0.00000 0.00000 0.00000 0.00000 0.00000 1.37725
0.00000 1.77030 1.25408 1.38815 1.22617 1.49478 1.23967 1.41554 1.48200 1.96951 1.30375 1.37044 1.45384 1.19098 0.00000 1.37306
0.00000 1.84722 0.00000 1.26196 0.00000 1.26753 0.00000 0.00000 1.64516 1.81692 0.00000 0.00000 0.00000 1.23293 0.00000 1.33850
0.00000 1.95658 0.00000 1.30979 1.19744 1.33425 0.00000 0.00000 1.62431 1.98806 0.00000 1.29263 0.00000 1.25634 0.00000 1.37725
0.00000 1.82238 0.00000 0.00000 0.00000 1.28337 0.00000 0.00000 1.67755 1.78796 0.00000 0.00000 0.00000 1.21015 0.00000 1.34367
0.00000 1.74322 0.00000 1.36813 1.23436 1.30101 1.22135 1.36703 1.50329 2.01131 1.31220 1.32732 1.59461 1.20005 0.00000 1.35778
0.00000 1.79485 0.00000 1.31666 1.19933 1.30280 0.00000 1.36833 1.54028 1.76450 0.00000 1.34150 0.00000 1.31200 0.00000 1.37925
0.00000 1.41696 0.00000 0.00000 0.00000 0.00000 0.00000 0.00000 1.46259 1.41435 0.00000 0.00000 0.00000 0.00000 0.00000 1.38665
0.00000 0.00000 0.00000 0.00000 0.00000 0.00000 0.00000 0.00000 0.00000 1.41623 0.00000 0.00000 0.00000 0.00000 0.00000 0.00000
0.00000 1.65384 0.00000 1.33872 1.20707 1.32168 0.00000 1.38151 1.48464 1.99243 1.30852 1.34791 1.56534 1.21531 0.00000 1.38188
0.00000 1.99247 0.00000 1.25852 0.00000 1.28435 0.00000 0.00000 1.55712 1.78747 0.00000 1.28782 0.00000 1.22085 0.00000 1.41228
0.00000 1.66089 0.00000 1.31788 1.22800 1.35638 0.00000 1.38510 1.55630 1.73194 0.00000 1.29927 1.18356 1.24604 0.00000 1.34463
0.00000 1.48437 0.00000 0.00000 0.00000 0.00000 0.00000 0.00000 1.63592 1.61091 0.00000 0.00000 0.00000 1.18040 0.00000 1.41523
1.45250 1.58339 1.25724 1.41572 1.32839 1.43958 1.26143 1.41247 1.57848 1.69691 1.31402 1.33749 1.55217 1.19865 1.37946 1.40745
0.00000 0.00000 0.00000 0.00000 0.00000 0.00000 0.00000 0.00000 0.00000 1.40562 0.00000 0.00000 0.00000 0.00000 0.00000 1.31931
