1.47956 2.97844 0.00000 1.48948 1.41272 1.59116 1.59991 3.87572 2.14398 1.41161 1.68078 0.00000 0.00000 1.19313 1.64432 1.32980
0.00000 1.43891 0.00000 0.00000 0.00000 0.00000 1.46615 0.00000 0.00000 0.00000 0.00000 0.00000 0.00000 0.00000 0.00000 0.00000
1.91886 2.46204 1.26874 1.85515 1.35088 3.41155 1.43286 2.08901 1.72764 1.75547 1.87916 1.31110 1.25978 1.36397 1.68811 1.94678
0.00000 2.94281 0.00000 1.32907 1.41575 1.36089 1.64879 1.82203 1.51245 0.00000 1.49549 0.00000 0.00000 1.24187 0.00000 0.00000
0.00000 1.66894 0.00000 0.00000 1.20779 0.00000 2.13936 1.51953 1.48628 0.00000 1.47429 0.00000 0.00000 1.21199 0.00000 0.00000
0.00000 2.62684 0.00000 0.00000 1.30771 1.22672 1.50839 1.67092 1.49233 0.00000 1.39101 0.00000 0.00000 1.24771 0.00000 0.00000
0.00000 0.00000 0.00000 0.00000 0.00000 0.00000 1.21836 0.00000 0.00000 0.00000 0.00000 0.00000 0.00000 0.00000 0.00000 0.00000
0.00000 1.69375 0.00000 0.00000 0.00000 0.00000 1.96790 1.41574 0.00000 0.00000 0.00000 0.00000 0.00000 0.00000 0.00000 0.00000
0.00000 1.97072 0.00000 0.00000 0.00000 0.00000 2.50018 1.53489 1.50786 0.00000 1.47482 0.00000 0.00000 0.00000 0.00000 0.00000
0.00000 3.06964 0.00000 1.66246 1.30399 1.36259 1.40120 3.29036 1.72747 1.40045 1.92828 0.00000 0.00000 1.22751 1.51343 0.00000
0.00000 1.79962 0.00000 0.00000 0.00000 0.00000 1.83305 1.40201 0.00000 0.00000 1.34155 0.00000 0.00000 0.00000 0.00000 0.00000
1.57362 4.01495 0.00000 1.52290 1.26239 3.01126 1.86149 3.56858 1.83313 1.47836 1.49941 1.30846 0.00000 1.23038 1.41967 2.33162
1.72709 1.88697 0.00000 1.66133 1.32688 2.72881 1.58761 3.62238 1.70737 1.74532 1.89621 1.52871 1.21447 1.25751 1.47485 2.00282
0.00000 1.74824 0.00000 0.00000 0.00000 0.00000 2.46232 1.56935 1.48812 0.00000 1.52437 0.00000 0.00000 1.20273 0.00000 0.00000
0.00000 2.71014 0.00000 1.38849 1.30890 1.29234 1.49868 2.51852 1.74240 0.00000 1.69676 0.00000 0.00000 1.51003 1.40981 0.00000
0.00000 2.97194 0.00000 1.48406 1.41049 1.59734 1.60401 3.89572 2.14299 1.41232 1.66906 0.00000 0.00000 1.19298 1.64434 1.32791
