1.50770 2.70916 3.66393 2.55874 4.17638 0.00000 2.88521 0.00000 0.00000 2.55536 0.00000 3.25453 3.54522 0.00000 3.98588 3.68310
0.00000 2.80797 3.73940 0.00000 0.00000 0.00000 2.89307 0.00000 0.00000 0.00000 0.00000 3.32304 3.51332 0.00000 0.00000 0.00000
0.00000 0.00000 3.70292 0.00000 0.00000 0.00000 2.95009 0.00000 0.00000 0.00000 0.00000 3.37622 3.49701 0.00000 0.00000 0.00000
0.00000 2.80954 3.76054 2.56422 4.25454 0.00000 2.96626 0.00000 0.00000 0.00000 0.00000 3.27447 3.60822 0.00000 3.77780 3.64283
0.00000 2.76533 3.70845 0.00000 4.13970 0.00000 2.90027 0.00000 0.00000 0.00000 0.00000 3.32315 3.55644 0.00000 0.00000 0.00000
1.50540 2.56726 3.79037 2.69689 4.17589 3.56183 3.02051 3.73456 3.30760 2.51598 3.76238 3.35577 3.72173 3.68586 3.82057 3.59117
0.00000 0.00000 0.00000 0.00000 0.00000 0.00000 2.87244 0.00000 0.00000 0.00000 0.00000 0.00000 0.00000 0.00000 0.00000 0.00000
1.50557 2.63178 3.54984 2.61168 4.28385 0.00000 2.86480 3.78543 0.00000 2.44183 3.91410 3.27961 3.58250 0.00000 3.85199 3.67752
1.51275 2.61507 3.66986 2.66433 4.19322 0.00000 2.89899 3.71461 3.21553 2.49359 3.91571 3.30389 3.70634 3.73503 3.91554 3.68916
0.00000 2.79470 3.76921 2.56434 4.25304 0.00000 2.93554 0.00000 0.00000 2.53454 0.00000 3.27143 3.61351 0.00000 3.75239 3.65502
1.50785 2.71549 3.75796 2.56988 4.14165 0.00000 2.89694 0.00000 0.00000 2.50286 3.82886 3.24550 3.59062 0.00000 3.99267 3.70500
0.00000 0.00000 0.00000 0.00000 0.00000 0.00000 2.88222 0.00000 0.00000 0.00000 0.00000 3.41547 3.51256 0.00000 0.00000 0.00000
0.00000 0.00000 0.00000 0.00000 0.00000 0.00000 2.87846 0.00000 0.00000 0.00000 0.00000 0.00000 3.56978 0.00000 0.00000 0.00000
1.50194 2.59193 3.57808 2.62237 4.21207 0.00000 2.93810 3.70697 0.00000 2.47580 4.07682 3.35536 3.63790 3.85294 3.90304 3.66374
0.00000 2.78783 3.71060 0.00000 4.21672 0.00000 2.92000 0.00000 0.00000 0.00000 0.00000 3.23079 3.51656 0.00000 3.79600 0.00000
0.00000 2.79591 3.75585 0.00000 4.23654 0.00000 2.99030 0.00000 0.00000 0.00000 0.00000 3.27559 3.61462 0.00000 3.79771 3.63606
