1.46525 1.57118 1.39039 0.00000 1.30773 1.82606 1.26466 1.76630 1.88641 1.45567 1.56033 1.46947 1.22577 1.39161 2.33527 1.68404
0.00000 1.44684 0.00000 0.00000 0.00000 0.00000 0.00000 1.46778 0.00000 0.00000 0.00000 1.33694 0.00000 0.00000 1.50328 0.00000
0.00000 1.44397 1.27717 0.00000 0.00000 0.00000 0.00000 1.53284 0.00000 0.00000 0.00000 1.33483 0.00000 0.00000 1.50926 0.00000
1.56150 1.52539 1.54055 1.31402 1.67502 1.59374 1.34350 1.95224 1.79442 1.79220 1.51079 1.62320 1.24952 1.31690 2.26445 1.74437
0.00000 1.44934 1.34273 0.00000 1.27158 0.00000 0.00000 1.54183 0.00000 0.00000 0.00000 1.32393 0.00000 0.00000 1.58721 0.00000
0.00000 1.45902 1.44234 0.00000 1.29667 1.26152 0.00000 1.68782 0.00000 0.00000 0.00000 1.35888 0.00000 0.00000 1.70269 0.00000
0.00000 1.51662 1.35904 0.00000 1.30198 1.33345 1.24380 1.52463 0.00000 0.00000 0.00000 1.37336 0.00000 0.00000 1.63139 0.00000
0.00000 0.00000 0.00000 0.00000 0.00000 0.00000 0.00000 1.43638 0.00000 0.00000 0.00000 0.00000 0.00000 0.00000 0.00000 0.00000
0.00000 1.56933 1.40186 0.00000 1.31371 1.81077 1.26731 1.73217 1.87825 1.45810 1.55781 1.46393 1.22935 1.38261 2.35613 1.67560
0.00000 1.55869 1.40129 0.00000 1.30360 1.79513 1.26559 1.79475 0.00000 1.45300 1.59261 1.48042 1.22854 1.39962 2.33447 1.67747
0.00000 1.45446 1.36221 0.00000 1.35899 1.51269 1.24209 1.60984 0.00000 0.00000 1.41852 1.61519 0.00000 1.25820 1.79521 0.00000
0.00000 0.00000 0.00000 0.00000 0.00000 0.00000 0.00000 1.43838 0.00000 0.00000 0.00000 1.34294 0.00000 0.00000 1.45257 0.00000
0.00000 1.53918 1.35931 0.00000 1.27176 1.68088 1.30297 1.69017 0.00000 0.00000 1.45825 1.36643 1.26233 1.53674 1.99856 1.52857
0.00000 1.48380 1.33437 0.00000 1.28953 1.39505 1.25894 1.48993 0.00000 0.00000 0.00000 1.42247 0.00000 1.23387 1.70620 0.00000
0.00000 0.00000 0.00000 0.00000 0.00000 0.00000 0.00000 1.47328 0.00000 0.00000 0.00000 0.00000 0.00000 0.00000 1.41733 0.00000
0.00000 1.50060 1.36338 0.00000 1.38319 1.72279 1.24041 1.57550 0.00000 0.00000 1.48006 1.63857 0.00000 1.39674 2.12118 1.40178
