1.47198 2.51102 1.52593 0.00000 1.20930 0.00000 0.00000 2.57207 1.58235 0.00000 2.27694 2.27361 0.00000 0.00000 1.63750 0.00000
0.00000 1.40039 0.00000 0.00000 0.00000 0.00000 0.00000 1.53868 0.00000 0.00000 0.00000 0.00000 0.00000 0.00000 1.38895 0.00000
0.00000 1.61182 1.26154 0.00000 0.00000 0.00000 0.00000 1.58435 0.00000 0.00000 0.00000 1.46818 0.00000 0.00000 1.38700 0.00000
1.56017 2.96185 1.44157 1.25892 1.23326 0.00000 0.00000 2.53020 1.50842 0.00000 2.18923 2.60432 0.00000 0.00000 1.52138 0.00000
0.00000 2.46715 1.52470 0.00000 1.21238 0.00000 0.00000 2.64161 1.57978 0.00000 2.27642 2.28074 0.00000 0.00000 1.65724 0.00000
1.90702 3.08062 1.32086 1.59380 1.24699 1.19496 1.74129 1.66648 1.53909 0.00000 3.09703 3.63731 1.20047 2.47193 1.48493 1.42992
1.59501 4.02445 1.51861 1.37536 1.45160 0.00000 1.21297 2.42911 1.46997 0.00000 2.74820 2.92950 1.38155 0.00000 1.54190 0.00000
0.00000 0.00000 0.00000 0.00000 0.00000 0.00000 0.00000 1.37219 0.00000 0.00000 0.00000 0.00000 0.00000 0.00000 0.00000 0.00000
0.00000 2.14647 1.48565 0.00000 0.00000 0.00000 0.00000 1.98353 1.46870 0.00000 1.42391 2.37648 0.00000 0.00000 1.48790 0.00000
2.21402 1.90796 1.27276 1.91103 1.54926 1.33762 1.90324 1.67027 1.80801 1.39419 3.50468 4.26775 2.03960 1.64272 1.39583 2.17413
0.00000 1.77912 1.28648 0.00000 0.00000 0.00000 0.00000 1.71842 0.00000 0.00000 1.32065 2.03462 0.00000 0.00000 1.69680 0.00000
0.00000 1.76619 0.00000 0.00000 0.00000 0.00000 0.00000 1.47329 0.00000 0.00000 0.00000 1.28709 0.00000 0.00000 1.41085 0.00000
1.50075 3.28186 1.40364 1.28339 1.37473 0.00000 0.00000 2.25943 1.59543 0.00000 2.75653 2.61438 1.17640 0.00000 1.39199 0.00000
1.55703 2.86378 1.29564 1.47199 1.30143 0.00000 1.66461 1.75476 1.72941 0.00000 3.16178 2.00491 1.23498 1.17723 1.42506 0.00000
0.00000 0.00000 0.00000 0.00000 0.00000 0.00000 0.00000 1.38739 0.00000 0.00000 0.00000 0.00000 0.00000 0.00000 1.36994 0.00000
1.76462 3.94976 1.36735 1.50620 1.33413 0.00000 2.51233 1.67955 1.60055 0.00000 3.03262 4.57541 1.26008 1.89784 1.39631 1.33278
