1.49139 3.36918 1.29284 1.84041 2.13770 1.64221 2.61997 2.13195 2.41527 1.65585 2.38625 2.38119 2.00148 0.00000 1.76264 1.92911
0.00000 1.50546 0.00000 0.00000 0.00000 0.00000 0.00000 0.00000 2.04725 0.00000 0.00000 0.00000 0.00000 0.00000 0.00000 0.00000
0.00000 2.27864 1.30476 0.00000 0.00000 1.31518 2.54924 0.00000 2.02349 1.43603 1.83615 2.22746 0.00000 0.00000 0.00000 1.63396
0.00000 2.14737 1.35617 1.40125 0.00000 1.36689 2.43752 0.00000 2.20146 1.63588 2.43928 2.19814 2.47869 0.00000 1.45228 1.50582
0.00000 3.36276 1.29529 1.84613 2.12889 1.67853 2.63535 2.15589 2.44848 1.63469 2.37813 2.35523 2.01264 0.00000 1.75054 1.94657
0.00000 1.59447 0.00000 0.00000 0.00000 1.44801 1.49098 0.00000 2.33144 0.00000 0.00000 2.52184 0.00000 0.00000 0.00000 1.40781
0.00000 1.68059 0.00000 0.00000 0.00000 0.00000 1.47948 0.00000 2.19314 0.00000 0.00000 2.35553 0.00000 0.00000 0.00000 0.00000
0.00000 3.50833 1.31290 1.55783 0.00000 1.34725 2.62417 1.68995 2.30209 1.58133 2.47091 2.16409 2.12089 0.00000 1.51229 1.68016
0.00000 0.00000 0.00000 0.00000 0.00000 0.00000 0.00000 0.00000 2.01996 0.00000 0.00000 0.00000 0.00000 0.00000 0.00000 0.00000
0.00000 2.20506 0.00000 0.00000 0.00000 1.30172 2.61377 0.00000 2.00902 1.43544 1.95379 2.34741 0.00000 0.00000 0.00000 1.73479
0.00000 1.94818 0.00000 0.00000 0.00000 1.54652 1.79677 0.00000 2.26286 0.00000 2.15613 2.32046 0.00000 0.00000 0.00000 1.54985
0.00000 1.58688 0.00000 0.00000 0.00000 0.00000 0.00000 0.00000 2.17121 0.00000 0.00000 2.17020 0.00000 0.00000 0.00000 0.00000
0.00000 2.01534 1.37863 0.00000 0.00000 1.42720 3.29056 0.00000 1.93596 1.60132 2.33152 2.21374 2.15083 0.00000 1.41842 1.74610
1.50649 3.06899 1.30056 1.68889 2.31571 1.77096 2.22947 1.96768 3.11641 1.79154 2.42747 2.32669 1.88394 1.47705 2.02391 1.83955
0.00000 2.11176 1.30941 0.00000 0.00000 1.32208 2.75837 0.00000 1.82184 1.46876 2.06451 2.08778 0.00000 0.00000 1.42374 1.80124
0.00000 1.63314 0.00000 0.00000 0.00000 0.00000 1.41529 0.00000 2.36930 0.00000 0.00000 2.45251 0.00000 0.00000 0.00000 1.43797
