1.46572 1.65557 1.29853 1.28683 2.50217 1.21844 1.27335 0.00000 1.55233 0.00000 1.30292 1.35752 0.00000 0.00000 1.45312 1.65880
0.00000 1.39401 1.24891 0.00000 0.00000 0.00000 0.00000 0.00000 0.00000 0.00000 0.00000 0.00000 0.00000 0.00000 1.38690 1.33668
0.00000 0.00000 1.24362 0.00000 0.00000 0.00000 0.00000 0.00000 0.00000 0.00000 0.00000 0.00000 0.00000 0.00000 0.00000 0.00000
0.00000 1.76530 1.27066 1.25896 1.63693 0.00000 1.22634 0.00000 1.66581 0.00000 0.00000 0.00000 0.00000 0.00000 1.46074 1.37320
0.00000 1.43164 1.24073 0.00000 1.18522 0.00000 0.00000 0.00000 0.00000 0.00000 0.00000 0.00000 0.00000 0.00000 1.38991 1.34717
0.00000 1.65096 1.33692 1.26407 2.24505 1.19792 1.29411 0.00000 1.61240 0.00000 0.00000 1.33523 0.00000 0.00000 1.42756 1.46797
0.00000 1.40957 1.28106 0.00000 1.18865 0.00000 1.19997 0.00000 0.00000 0.00000 0.00000 0.00000 0.00000 0.00000 1.41777 1.34403
2.05938 1.91259 1.30122 1.27824 2.28798 1.42114 1.26944 1.37399 1.75366 0.00000 1.38600 1.62339 0.00000 1.17401 1.50184 1.49469
0.00000 1.43233 1.30345 0.00000 1.24105 0.00000 1.22013 0.00000 1.46754 0.00000 0.00000 0.00000 0.00000 0.00000 1.52992 1.33924
2.40883 1.60080 1.29829 1.28502 2.11630 1.33071 1.27299 1.41868 1.65755 1.40183 1.40338 1.56179 0.00000 1.21780 1.54462 1.40953
0.00000 1.59812 1.28748 1.28535 2.30909 1.20407 1.29260 0.00000 1.54408 0.00000 1.29920 1.37711 0.00000 0.00000 1.45784 1.70875
0.00000 1.79680 1.31579 1.27428 1.74768 0.00000 1.22335 0.00000 1.57385 0.00000 0.00000 1.28322 0.00000 0.00000 1.40944 1.42279
2.40070 1.50522 1.41280 1.29564 1.85287 1.33090 1.25751 1.53021 1.78129 1.40368 1.37187 1.50907 1.16829 1.24838 1.52074 1.46517
1.49325 1.61656 1.28887 1.28476 2.05869 1.25705 1.26693 0.00000 1.64731 0.00000 1.30013 1.43299 0.00000 1.17964 1.46138 1.63546
0.00000 0.00000 1.30993 0.00000 0.00000 0.00000 0.00000 0.00000 0.00000 0.00000 0.00000 0.00000 0.00000 0.00000 1.37397 1.36802
0.00000 0.00000 1.30139 0.00000 0.00000 0.00000 0.00000 0.00000 0.00000 0.00000 0.00000 0.00000 0.00000 0.00000 0.00000 1.34025
