1.45715 0.00000 0.00000 0.00000 0.00000 0.00000 0.00000 0.00000 0.00000 0.00000 0.00000 0.00000 0.00000 0.00000 0.00000 0.00000
1.74114 1.43055 1.32168 1.32295 0.00000 1.19653 1.45723 1.53668 1.50598 1.46849 1.46343 1.55603 0.00000 1.25075 1.70629 1.32149
1.45402 0.00000 1.26652 0.00000 0.00000 0.00000 0.00000 0.00000 0.00000 0.00000 0.00000 0.00000 0.00000 0.00000 0.00000 0.00000
1.70846 0.00000 1.37139 1.25890 0.00000 1.20896 1.33912 0.00000 1.50444 1.46615 1.31513 1.33522 0.00000 1.19470 1.57171 1.43476
1.59746 1.48009 1.28187 1.35039 1.17586 1.22660 1.30363 1.58525 1.53533 1.45719 1.49184 1.57428 0.00000 1.33906 1.77856 1.33725
1.51468 0.00000 1.45032 0.00000 0.00000 1.18681 0.00000 0.00000 0.00000 0.00000 0.00000 0.00000 0.00000 0.00000 1.43008 0.00000
1.53232 0.00000 1.42212 0.00000 0.00000 1.18915 1.23589 0.00000 1.51123 1.46064 0.00000 0.00000 0.00000 1.19327 1.58135 0.00000
1.58397 0.00000 1.31727 1.34681 0.00000 1.19504 1.34423 1.52402 1.50741 1.44196 1.32269 1.49419 0.00000 1.19603 1.62702 1.38808
1.47760 0.00000 1.57276 0.00000 0.00000 1.21056 0.00000 0.00000 1.47955 1.44335 0.00000 0.00000 0.00000 1.17491 1.58282 0.00000
1.45927 0.00000 1.63510 0.00000 0.00000 1.20952 0.00000 0.00000 0.00000 1.44258 0.00000 0.00000 0.00000 1.17318 1.48779 0.00000
1.62306 0.00000 1.57363 0.00000 0.00000 1.20287 1.23408 0.00000 1.49826 1.48835 1.32215 1.29873 0.00000 1.20419 1.48662 1.33597
1.55986 0.00000 1.46941 0.00000 0.00000 1.21802 1.23753 0.00000 1.52953 1.56163 0.00000 1.28427 0.00000 1.18937 1.51321 0.00000
1.57373 1.50859 1.35633 1.33828 1.17659 1.21378 1.30433 1.58978 1.57550 1.52670 1.68627 1.76917 1.22258 1.34085 1.80163 1.32600
1.48035 0.00000 1.44195 0.00000 0.00000 1.20025 0.00000 0.00000 0.00000 0.00000 0.00000 0.00000 0.00000 1.17382 1.44454 0.00000
1.54760 0.00000 1.33016 0.00000 0.00000 0.00000 0.00000 0.00000 0.00000 0.00000 0.00000 0.00000 0.00000 0.00000 1.39738 0.00000
1.55436 0.00000 1.44240 0.00000 0.00000 1.21277 1.24771 0.00000 1.52664 1.47353 0.00000 1.29348 0.00000 1.19031 1.55256 1.31252
