1.47286 0.00000 0.00000 1.44834 0.00000 2.20541 1.24907 1.38704 0.00000 0.00000 1.34575 0.00000 1.19038 1.22162 1.59670 1.62220
1.50448 1.40631 0.00000 1.46628 0.00000 2.08793 1.31230 1.43766 0.00000 0.00000 1.32430 0.00000 1.16679 1.19888 1.56111 1.79250
1.54045 1.44527 1.26797 1.58240 0.00000 1.68171 1.46779 1.38685 0.00000 0.00000 1.47582 1.33097 1.20768 1.27450 1.53905 1.60365
0.00000 0.00000 0.00000 1.27120 0.00000 1.28683 0.00000 0.00000 0.00000 0.00000 0.00000 0.00000 0.00000 1.21519 1.48337 0.00000
1.59827 1.44654 1.26890 1.69125 1.19747 1.61385 1.40892 1.38990 0.00000 1.40017 1.46436 1.48397 1.40112 1.26103 1.55301 1.58059
0.00000 0.00000 0.00000 0.00000 0.00000 1.19750 0.00000 0.00000 0.00000 0.00000 0.00000 0.00000 0.00000 0.00000 0.00000 0.00000
0.00000 0.00000 0.00000 1.43297 0.00000 2.12030 1.24825 1.38698 0.00000 0.00000 1.33462 0.00000 1.18244 1.22437 1.60938 1.58479
0.00000 0.00000 0.00000 1.39988 0.00000 1.52559 0.00000 1.37527 0.00000 0.00000 0.00000 0.00000 0.00000 1.28826 1.57100 1.36303
1.67088 1.51962 1.26683 1.81204 1.20829 2.02475 1.38790 1.38664 1.46197 1.39596 1.64044 1.55248 1.36353 1.25825 1.62892 1.66645
1.56138 1.41008 1.26425 1.71105 0.00000 1.73445 1.41362 1.38010 0.00000 1.38669 1.40057 1.33065 1.24798 1.29586 1.52077 1.78197
0.00000 0.00000 0.00000 1.46543 0.00000 1.64623 0.00000 1.38119 0.00000 0.00000 1.30768 0.00000 1.16724 1.26427 1.56394 1.54508
1.48916 1.41322 0.00000 1.63552 0.00000 1.72548 1.35662 1.40632 0.00000 0.00000 1.57497 1.28608 1.20003 1.27964 1.58000 1.96311
0.00000 0.00000 0.00000 1.39642 0.00000 1.55621 0.00000 1.37378 0.00000 0.00000 0.00000 0.00000 1.16869 1.24022 1.50192 1.54308
0.00000 0.00000 0.00000 0.00000 0.00000 1.23567 0.00000 0.00000 0.00000 0.00000 0.00000 0.00000 0.00000 1.19014 0.00000 0.00000
0.00000 0.00000 0.00000 0.00000 0.00000 1.22976 0.00000 0.00000 0.00000 0.00000 0.00000 0.00000 0.00000 1.19851 1.37396 0.00000
0.00000 0.00000 0.00000 1.27146 0.00000 1.24236 0.00000 0.00000 0.00000 0.00000 0.00000 0.00000 0.00000 1.20545 1.66817 1.34054
