1.46122 0.00000 0.00000 1.38926 0.00000 1.29496 0.00000 0.00000 0.00000 1.38528 0.00000 0.00000 1.18810 0.00000 1.38976 1.33094
1.45900 1.40778 1.25691 1.38634 0.00000 1.47247 0.00000 1.59797 1.55739 1.48540 1.51247 1.32312 1.32263 0.00000 1.69518 1.53095
1.47396 0.00000 1.25192 1.46032 0.00000 1.56823 0.00000 0.00000 0.00000 1.69224 1.39178 1.29767 1.20575 0.00000 1.40239 1.33812
0.00000 0.00000 0.00000 1.24186 0.00000 0.00000 0.00000 0.00000 0.00000 0.00000 0.00000 0.00000 0.00000 0.00000 0.00000 0.00000
1.48115 1.66455 1.31217 1.70687 1.19286 1.85690 0.00000 2.26493 1.64770 1.39771 1.43176 1.38023 1.76816 0.00000 1.47053 1.60054
0.00000 0.00000 0.00000 1.26595 0.00000 1.18083 0.00000 0.00000 0.00000 0.00000 0.00000 0.00000 0.00000 0.00000 0.00000 0.00000
1.54803 1.62221 1.42073 1.67674 1.23446 1.55865 1.20512 2.09868 1.51994 1.47371 1.82283 1.35210 2.31258 1.18465 1.50011 2.02804
1.49423 0.00000 1.30853 1.25470 0.00000 1.38330 0.00000 1.36506 1.49226 1.45906 1.31610 1.29884 1.21667 0.00000 1.61215 1.37132
1.50545 0.00000 1.29477 1.28156 0.00000 1.25373 0.00000 0.00000 1.48158 1.43402 1.32647 1.29364 1.20902 0.00000 1.58086 1.34635
0.00000 0.00000 0.00000 1.38580 0.00000 1.28829 0.00000 0.00000 0.00000 1.38725 0.00000 0.00000 1.18720 0.00000 1.38618 1.33088
1.45746 0.00000 0.00000 1.38297 0.00000 1.31188 0.00000 0.00000 0.00000 1.40510 1.30034 0.00000 1.15732 0.00000 1.39928 1.34454
1.48067 0.00000 0.00000 1.33621 0.00000 1.55251 0.00000 0.00000 0.00000 1.49774 1.46961 1.28868 1.17549 0.00000 1.37680 1.34364
0.00000 0.00000 0.00000 1.39926 0.00000 1.40357 0.00000 0.00000 0.00000 0.00000 0.00000 0.00000 1.15826 0.00000 1.40651 0.00000
1.55124 1.67010 1.35547 1.65791 1.19633 1.80354 0.00000 2.37037 1.57372 1.42536 1.79085 1.31616 2.08489 1.16662 1.48477 1.88982
0.00000 0.00000 0.00000 1.33429 0.00000 1.32139 0.00000 0.00000 0.00000 0.00000 0.00000 0.00000 0.00000 0.00000 1.37515 0.00000
0.00000 0.00000 0.00000 1.40371 0.00000 1.52453 0.00000 0.00000 0.00000 0.00000 0.00000 0.00000 1.40096 0.00000 1.38918 1.33685
