1.49444 0.00000 0.00000 0.00000 0.00000 0.00000 0.00000 0.00000 0.00000 0.00000 0.00000 0.00000 0.00000 0.00000 0.00000 0.00000
1.49441 1.54605 0.00000 0.00000 0.00000 0.00000 0.00000 0.00000 0.00000 0.00000 0.00000 0.00000 0.00000 0.00000 0.00000 0.00000
1.49482 1.64890 1.32283 0.00000 0.00000 0.00000 0.00000 0.00000 0.00000 0.00000 0.00000 0.00000 0.00000 0.00000 0.00000 0.00000
1.51541 1.66183 1.31100 1.27439 0.00000 0.00000 0.00000 0.00000 0.00000 0.00000 0.00000 0.00000 0.00000 0.00000 0.00000 0.00000
1.61926 2.46362 1.31096 1.42406 1.34555 0.00000 0.00000 0.00000 0.00000 0.00000 0.00000 0.00000 0.00000 0.00000 0.00000 0.00000
1.58131 2.18446 1.33043 1.57895 1.32866 1.35138 0.00000 0.00000 0.00000 0.00000 0.00000 0.00000 0.00000 0.00000 0.00000 0.00000
1.68906 2.47663 1.34303 2.40862 1.31172 1.36228 1.25184 0.00000 0.00000 0.00000 0.00000 0.00000 0.00000 0.00000 0.00000 0.00000
2.01956 2.21908 1.46938 2.69205 1.34350 1.67377 1.26286 1.39850 0.00000 0.00000 0.00000 0.00000 0.00000 0.00000 0.00000 0.00000
2.00032 2.59486 1.38772 2.67408 1.34246 1.71985 1.25653 1.43329 1.58629 0.00000 0.00000 0.00000 0.00000 0.00000 0.00000 0.00000
2.08786 2.64710 1.44917 3.12040 1.51734 1.62263 1.30184 1.60592 1.60951 1.59094 0.00000 0.00000 0.00000 0.00000 0.00000 0.00000
2.07556 2.99386 1.52478 2.68357 1.41370 1.56380 1.28898 1.63842 1.66482 1.65804 1.34716 0.00000 0.00000 0.00000 0.00000 0.00000
1.97386 2.98656 1.89537 2.13404 1.33586 1.57854 1.29049 1.51336 1.60655 2.22061 1.47738 1.36492 0.00000 0.00000 0.00000 0.00000
1.82255 3.55734 2.16569 2.14970 1.37138 1.49708 1.28136 1.51824 1.72142 2.16551 1.55322 1.53639 1.20969 0.00000 0.00000 0.00000
1.79316 3.62919 2.26419 2.12351 1.35053 1.50824 1.28703 1.53039 1.75022 2.15876 1.73262 1.44382 1.23392 1.22030 0.00000 0.00000
1.86367 4.17491 2.34270 2.22832 1.41855 1.51202 1.29546 1.72396 1.73245 2.22844 1.71473 1.37833 1.27465 1.21953 1.39779 0.00000
2.04395 3.88799 2.66669 2.60584 1.66053 1.65111 1.30260 2.08727 1.60889 2.37321 2.07178 1.41283 1.38058 1.27802 1.41421 1.36989
