1.45663 2.62458 1.39400 1.30039 1.29329 1.40262 2.24291 0.00000 1.46848 1.82888 1.37298 0.00000 1.70864 1.26109 1.45772 2.18955
0.00000 1.41802 1.59941 0.00000 1.22448 1.41065 0.00000 0.00000 0.00000 0.00000 0.00000 0.00000 1.21435 0.00000 1.42030 1.35327
0.00000 0.00000 1.27201 0.00000 0.00000 1.25791 0.00000 0.00000 0.00000 0.00000 0.00000 0.00000 1.20161 0.00000 0.00000 1.36674
0.00000 3.14626 1.49907 1.29157 1.23060 1.33297 0.00000 0.00000 0.00000 0.00000 0.00000 0.00000 1.30316 0.00000 1.38964 1.41714
0.00000 0.00000 1.39150 0.00000 1.21314 1.33221 0.00000 0.00000 0.00000 0.00000 0.00000 0.00000 1.20912 0.00000 1.38564 1.35821
0.00000 0.00000 0.00000 0.00000 0.00000 1.21645 0.00000 0.00000 0.00000 0.00000 0.00000 0.00000 1.23026 0.00000 0.00000 1.34047
0.00000 2.89464 1.52941 1.29306 1.22874 1.31021 1.35223 0.00000 0.00000 0.00000 0.00000 0.00000 1.28005 0.00000 1.42423 1.40369
2.43442 2.03887 1.83045 1.66564 1.35204 1.28344 1.50121 1.39523 1.75674 1.91733 1.52588 1.52970 2.08676 1.94471 1.82886 1.80293
0.00000 2.57666 1.36055 1.30425 1.27946 1.43887 2.30981 0.00000 1.46826 1.80846 1.36286 0.00000 1.68682 1.25349 1.45628 2.26491
0.00000 2.27879 1.46760 1.29700 1.25299 1.40938 1.33053 0.00000 0.00000 1.41696 0.00000 0.00000 1.25733 0.00000 1.51574 1.53760
0.00000 2.25855 1.42657 1.29425 1.25208 1.61375 1.44172 0.00000 0.00000 1.41289 1.32296 0.00000 1.22302 0.00000 1.51654 1.84483
1.55353 2.45781 1.56731 1.29835 1.39154 1.39836 1.50103 0.00000 1.86896 2.06847 1.45984 1.30905 1.82309 1.36203 1.57550 1.93866
0.00000 0.00000 0.00000 0.00000 0.00000 0.00000 0.00000 0.00000 0.00000 0.00000 0.00000 0.00000 1.18955 0.00000 0.00000 0.00000
0.00000 2.44833 1.33148 1.33170 1.23668 1.29297 1.99178 0.00000 0.00000 1.52114 1.63549 0.00000 1.63906 1.22481 1.59702 1.61561
0.00000 0.00000 1.26933 0.00000 0.00000 1.29865 0.00000 0.00000 0.00000 0.00000 0.00000 0.00000 1.20230 0.00000 1.38619 1.43309
0.00000 0.00000 0.00000 0.00000 0.00000 0.00000 0.00000 0.00000 0.00000 0.00000 0.00000 0.00000 1.18417 0.00000 0.00000 1.34402
