4.19584 5.40081 5.61611 7.00965 7.37751 7.25342 5.56502 8.09206 4.28795 4.38417 8.51328 5.64011 5.63061 5.44079 0.00000 5.88479
0.00000 5.36502 0.00000 0.00000 0.00000 7.30149 0.00000 0.00000 0.00000 0.00000 0.00000 0.00000 0.00000 0.00000 0.00000 0.00000
0.00000 5.34866 5.68689 6.90930 7.30246 7.29063 5.60310 0.00000 0.00000 4.39607 8.50121 0.00000 0.00000 0.00000 0.00000 0.00000
0.00000 5.35027 0.00000 6.90011 7.30992 7.29764 5.60737 0.00000 0.00000 4.39451 8.50623 0.00000 0.00000 0.00000 0.00000 0.00000
0.00000 5.35938 0.00000 0.00000 7.33347 7.30195 5.60307 0.00000 0.00000 4.39363 0.00000 0.00000 0.00000 0.00000 0.00000 0.00000
0.00000 0.00000 0.00000 0.00000 0.00000 7.30297 0.00000 0.00000 0.00000 0.00000 0.00000 0.00000 0.00000 0.00000 0.00000 0.00000
0.00000 5.36571 0.00000 0.00000 0.00000 7.30688 5.60941 0.00000 0.00000 4.39617 0.00000 0.00000 0.00000 0.00000 0.00000 0.00000
0.00000 5.34848 5.67986 6.93534 7.32016 7.26865 5.58945 8.22898 4.26133 4.39020 8.51660 0.00000 5.61252 5.41350 0.00000 5.81165
0.00000 5.34946 5.68374 6.91630 7.29729 7.29007 5.60040 0.00000 4.27646 4.39504 8.50043 0.00000 0.00000 0.00000 0.00000 0.00000
0.00000 5.36384 0.00000 0.00000 0.00000 7.30789 0.00000 0.00000 0.00000 4.39955 0.00000 0.00000 0.00000 0.00000 0.00000 0.00000
0.00000 5.35154 0.00000 0.00000 7.32812 7.29863 5.59384 0.00000 0.00000 4.39519 8.50287 0.00000 0.00000 0.00000 0.00000 0.00000
0.00000 5.34562 5.67817 6.93876 7.32451 7.27830 5.58976 8.23342 4.26147 4.38855 8.50749 5.69846 5.61167 5.41565 0.00000 5.82375
0.00000 5.34798 5.68200 6.92516 7.30123 7.28484 5.59641 0.00000 4.27379 4.39603 8.50972 0.00000 5.62038 0.00000 0.00000 0.00000
0.00000 5.34740 5.67319 6.93522 7.30021 7.28043 5.58675 0.00000 4.25707 4.39452 8.50083 0.00000 5.61286 5.40595 0.00000 5.80113
4.19702 5.39773 5.62112 7.00405 7.37600 7.24964 5.57112 8.08049 4.28821 4.38177 8.51905 5.63907 5.62540 5.44363 5.30667 5.89143
0.00000 5.35020 5.67715 6.92948 7.29922 7.27763 5.59373 0.00000 4.26576 4.39648 8.50630 0.00000 5.61805 0.00000 0.00000 5.80974
