17.29063 0.00000 1.53971 1.92031 7.63002 1.71835 1.21317 1.56520 1.50838 1.44932 1.94350 1.31515 1.64420 1.85238 5.47003 1.39802
18.04253 1.41393 1.49396 2.61790 8.30538 1.38472 1.36878 1.47099 1.56277 1.45033 3.84929 1.37845 2.19381 1.32711 4.45710 1.38845
0.00000 0.00000 1.27702 1.74428 1.54033 0.00000 0.00000 0.00000 1.52567 0.00000 0.00000 0.00000 1.32035 0.00000 1.82739 0.00000
0.00000 0.00000 0.00000 1.25213 1.23340 0.00000 0.00000 0.00000 1.50327 0.00000 0.00000 0.00000 1.22534 0.00000 1.44814 0.00000
0.00000 0.00000 0.00000 0.00000 1.19709 0.00000 0.00000 0.00000 0.00000 0.00000 0.00000 0.00000 1.18760 0.00000 1.40987 0.00000
0.00000 0.00000 1.85223 2.19006 3.57779 1.21218 0.00000 0.00000 1.66649 0.00000 1.90057 0.00000 1.24257 1.19542 3.37481 0.00000
0.00000 0.00000 1.53523 2.04606 8.17038 1.66370 1.21215 1.57625 1.58301 1.45112 1.66807 1.32218 1.61532 1.72602 5.19153 0.00000
0.00000 0.00000 1.49557 2.11039 6.69055 1.21524 0.00000 1.37753 1.71158 1.41498 2.15600 1.31132 1.54787 1.42571 4.49123 0.00000
0.00000 0.00000 0.00000 0.00000 1.20841 0.00000 0.00000 0.00000 1.47078 0.00000 0.00000 0.00000 1.23484 0.00000 1.60591 0.00000
0.00000 0.00000 1.60561 2.38400 5.32014 1.24896 0.00000 0.00000 1.83999 1.40146 2.19533 0.00000 1.24437 1.27330 3.46920 0.00000
0.00000 0.00000 1.36140 1.49564 1.74136 0.00000 0.00000 0.00000 1.54992 0.00000 1.30176 0.00000 1.35908 0.00000 2.14809 0.00000
0.00000 0.00000 1.34364 2.04963 6.44243 1.25586 0.00000 0.00000 1.62713 1.41676 2.13440 1.29748 1.62115 1.32858 4.76612 0.00000
0.00000 0.00000 0.00000 0.00000 0.00000 0.00000 0.00000 0.00000 0.00000 0.00000 0.00000 0.00000 1.18086 0.00000 0.00000 0.00000
0.00000 0.00000 1.54236 1.76529 1.95639 0.00000 0.00000 0.00000 1.47940 0.00000 1.49691 0.00000 1.31207 1.18446 2.66731 0.00000
0.00000 0.00000 0.00000 0.00000 0.00000 0.00000 0.00000 0.00000 0.00000 0.00000 0.00000 0.00000 1.17953 0.00000 1.39347 0.00000
0.00000 0.00000 1.53971 1.92031 7.63002 1.71835 1.21317 1.56520 1.50838 1.44932 1.94350 1.31515 1.64420 1.85238 5.47003 1.39802
